,adult_families_in_shelter,adults_in_families_with_children_in_shelter,children_in_families_with_children_in_shelter,date_of_census,families_with_children_in_shelter,individuals_in_adult_families_in_shelter,single_adult_men_in_shelter,single_adult_women_in_shelter,total_adults_in_shelter,total_children_in_shelter,total_individuals_in_families_with_children_in_shelter_,total_individuals_in_shelter,total_single_adults_in_shelter,individuals_in_shelter
0,1796,14607,21314,2013-08-21T00:00:00.000,10261,3811.0,7231,2710,28359,21314,35921,49673,9941,
1,1803,14622,21324,2013-08-22T00:00:00.000,10274,3827.0,7201,2716,28366,21324,35946,49690,9917,
2,1802,14611,21291,2013-08-23T00:00:00.000,10266,3826.0,7149,2671,28257,21291,35902,49548,9820,
3,1801,14650,21343,2013-08-24T00:00:00.000,10291,3824.0,7110,2690,28274,21343,35993,49617,9800,
4,1804,14694,21400,2013-08-25T00:00:00.000,10324,3830.0,7230,2704,28458,21400,36094,49858,9934,
5,1809,14688,21392,2013-08-26T00:00:00.000,10307,3841.0,7252,2704,28485,21392,36080,49877,9956,
6,1813,14640,21322,2013-08-27T00:00:00.000,10277,3852.0,7209,2713,28414,21322,35962,49736,9922,
7,1803,14647,21325,2013-08-28T00:00:00.000,10284,3831.0,7229,2721,28428,21325,35972,49753,9950,
8,1807,14696,21412,2013-08-29T00:00:00.000,10316,3840.0,7151,2709,28396,21412,36108,49808,9860,
9,1811,14651,21343,2013-08-30T00:00:00.000,10281,3846.0,7032,2653,28182,21343,35994,49525,9685,
10,1815,14662,21335,2013-08-31T00:00:00.000,10287,3855.0,6949,2661,28127,21335,35997,49462,9610,
11,1822,14719,21403,2013-09-01T00:00:00.000,10326,3871.0,6997,2672,28259,21403,36122,49662,9669,
12,1823,14704,21404,2013-09-02T00:00:00.000,10319,3872.0,7094,2707,28377,21404,36108,49781,9801,
13,1811,14683,21372,2013-09-04T00:00:00.000,10303,3845.0,7110,2741,28379,21372,36055,49751,9851,
14,1811,14681,21410,2013-09-06T00:00:00.000,10306,3845.0,7088,2723,28337,21410,36091,49747,9811,
15,1821,14757,21502,2013-09-07T00:00:00.000,10354,3866.0,7056,2731,28410,21502,36259,49912,9787,
16,1824,14785,21555,2013-09-08T00:00:00.000,10377,3873.0,7156,2588,28402,21555,36340,49957,9744,
17,1823,14798,21566,2013-09-09T00:00:00.000,10384,3870.0,7145,2744,28557,21566,36364,50123,9889,
18,1826,14805,21577,2013-09-10T00:00:00.000,10394,3877.0,7147,2743,28572,21577,36382,50149,9890,
19,1829,14804,21571,2013-09-11T00:00:00.000,10387,3881.0,7166,2729,28580,21571,36375,50151,9895,
20,1824,14842,21653,2013-09-12T00:00:00.000,10423,3871.0,7124,2750,28587,21653,36495,50240,9874,
21,1825,14835,21662,2013-09-13T00:00:00.000,10417,3872.0,7106,2743,28556,21662,36497,50218,9849,
22,1816,14853,21694,2013-09-14T00:00:00.000,10428,3853.0,7098,2752,28556,21694,36547,50250,9850,
23,1819,14918,21767,2013-09-15T00:00:00.000,10471,3860.0,7222,2773,28773,21767,36685,50540,9995,
24,1836,14911,21725,2013-09-16T00:00:00.000,10455,3895.0,7222,2773,28801,21725,36636,50526,9995,
25,1819,14878,21697,2013-09-17T00:00:00.000,10439,3862.0,7221,2794,28755,21697,36575,50452,10015,
26,1816,14871,21663,2013-09-18T00:00:00.000,10435,3856.0,7277,2783,28787,21663,36534,50450,10060,
27,1824,14893,21695,2013-09-19T00:00:00.000,10455,3871.0,7172,2783,28719,21695,36588,50414,9955,
28,1817,14883,21705,2013-09-20T00:00:00.000,10453,3854.0,7185,2751,28673,21705,36588,50378,9936,
29,1816,14840,21663,2013-09-21T00:00:00.000,10426,3852.0,7189,2738,28619,21663,36503,50282,9927,
30,1822,14883,21710,2013-09-22T00:00:00.000,10457,3864.0,7227,2777,28751,21710,36593,50461,10004,
31,1830,14912,21734,2013-09-23T00:00:00.000,10465,3881.0,7280,2801,28874,21734,36646,50608,10081,
32,1828,14882,21675,2013-09-24T00:00:00.000,10440,3881.0,7305,2782,28850,21675,36557,50525,10087,
33,1832,14894,21721,2013-09-25T00:00:00.000,10453,3887.0,7295,2787,28863,21721,36615,50584,10082,
34,1836,14934,21804,2013-09-26T00:00:00.000,10483,3896.0,7287,2771,28888,21804,36738,50692,10058,
35,1838,14905,21757,2013-09-27T00:00:00.000,10465,3900.0,7185,2739,28729,21757,36662,50486,9924,
36,1829,14910,21746,2013-09-28T00:00:00.000,10462,3882.0,7178,2718,28688,21746,36656,50434,9896,
37,1837,14927,21780,2013-09-29T00:00:00.000,10480,3900.0,7264,2724,28815,21780,36707,50595,9988,
38,1843,14931,21786,2013-09-30T00:00:00.000,10471,3912.0,7275,2742,28860,21786,36717,50646,10017,
39,1838,14869,21734,2013-10-01T00:00:00.000,10438,3899.0,7129,2684,28581,21734,36603,50315,9813,
40,1845,14916,21768,2013-10-02T00:00:00.000,10469,3913.0,7073,2681,28583,21768,36684,50351,9754,
41,1842,14944,21818,2013-10-04T00:00:00.000,10488,3906.0,6999,2672,28521,21818,36762,50339,9671,
42,1839,14928,21817,2013-10-05T00:00:00.000,10483,3901.0,7012,2666,28507,21817,36745,50324,9678,
43,1847,14998,21890,2013-10-06T00:00:00.000,10531,3916.0,7092,2685,28691,21890,36888,50581,9777,
44,1849,14989,21870,2013-10-07T00:00:00.000,10517,3919.0,7133,2726,28767,21870,36859,50637,9859,
45,1846,14972,21830,2013-10-08T00:00:00.000,10494,3913.0,7165,2722,28772,21830,36802,50602,9887,
46,1850,14994,21853,2013-10-09T00:00:00.000,10512,3919.0,7192,2728,28833,21853,36847,50686,9920,
47,1852,15030,21894,2013-10-10T00:00:00.000,10536,3926.0,7161,2717,28834,21894,36924,50728,9878,
48,1851,15037,21883,2013-10-11T00:00:00.000,10534,3925.0,7091,2738,28791,21883,36920,50674,9829,
49,1861,15006,21857,2013-10-12T00:00:00.000,10520,3944.0,7081,2705,28736,21857,36863,50593,9786,
50,1869,15051,21944,2013-10-13T00:00:00.000,10556,3961.0,7168,2741,28921,21944,36995,50865,9909,
51,1869,15053,21948,2013-10-14T00:00:00.000,10558,3962.0,7248,2751,29014,21948,37001,50962,9999,
52,1861,15044,21894,2013-10-15T00:00:00.000,10542,3945.0,7251,2758,28998,21894,36938,50892,10009,
53,1856,15006,21848,2013-10-16T00:00:00.000,10513,3932.0,7234,2752,28924,21848,36854,50772,9986,
54,1849,15004,21848,2013-10-17T00:00:00.000,10510,3920.0,7216,2774,28914,21848,36852,50762,9990,
55,1859,15015,21876,2013-10-18T00:00:00.000,10519,3942.0,7156,2743,28856,21876,36891,50732,9899,
56,1858,15024,21898,2013-10-19T00:00:00.000,10534,3940.0,7205,2749,28918,21898,36922,50816,9954,
57,1863,15070,21965,2013-10-20T00:00:00.000,10568,3951.0,7297,2776,29094,21965,37035,51059,10073,
58,1856,15078,21974,2013-10-21T00:00:00.000,10573,3937.0,7296,2777,29088,21974,37052,51062,10073,
59,1842,15042,21936,2013-10-22T00:00:00.000,10549,3910.0,7319,2787,29058,21936,36978,50994,10106,
60,1849,15042,21927,2013-10-23T00:00:00.000,10554,3924.0,7358,2801,29125,21927,36969,51052,10159,
61,1858,15087,21973,2013-10-24T00:00:00.000,10587,3944.0,7356,2793,29180,21973,37060,51153,10149,
62,1855,15064,21976,2013-10-25T00:00:00.000,10574,3938.0,7275,2759,29036,21976,37040,51012,10034,
63,1860,15076,21997,2013-10-26T00:00:00.000,10592,3948.0,7264,2770,29058,21997,37073,51055,10034,
64,1863,15114,22051,2013-10-27T00:00:00.000,10623,3954.0,7350,2793,29211,22051,37165,51262,10143,
65,1870,15113,22056,2013-10-28T00:00:00.000,10613,3968.0,7352,2774,29207,22056,37169,51263,10126,
66,1866,15100,22035,2013-10-29T00:00:00.000,10598,3958.0,7342,2787,29187,22035,37135,51222,10129,
67,1869,15087,22035,2013-10-30T00:00:00.000,10589,3964.0,7282,2795,29128,22035,37122,51163,10077,
68,1872,15072,22024,2013-10-31T00:00:00.000,10582,3970.0,7222,2773,29037,22024,37096,51061,9995,
69,1864,15057,21990,2013-11-01T00:00:00.000,10570,3950.0,7043,2693,28743,21990,37047,50733,9736,
70,1857,15022,21964,2013-11-02T00:00:00.000,10548,3937.0,7031,2704,28694,21964,36986,50658,9735,
71,1854,15052,22010,2013-11-03T00:00:00.000,10571,3930.0,7164,2725,28871,22010,37062,50881,9889,
72,1858,15037,21982,2013-11-04T00:00:00.000,10555,3939.0,7232,2722,28930,21982,37019,50912,9954,
73,1863,15026,21976,2013-11-05T00:00:00.000,10551,3950.0,7278,2711,28965,21976,37002,50941,9989,
74,1875,15024,21990,2013-11-06T00:00:00.000,10547,3976.0,7271,2724,28995,21990,37014,50985,9995,
75,1872,15047,22028,2013-11-07T00:00:00.000,10562,3970.0,7269,2714,29000,22028,37075,51028,9983,
76,1876,15052,22034,2013-11-08T00:00:00.000,10559,3979.0,7200,2695,28926,22034,37086,50960,9895,
77,1873,15052,22060,2013-11-09T00:00:00.000,10564,3972.0,7152,2682,28858,22060,37112,50918,9834,
78,1879,15066,22074,2013-11-10T00:00:00.000,10581,3985.0,7254,2687,28992,22074,37140,51066,9941,
79,1879,15079,22096,2013-11-11T00:00:00.000,10585,3986.0,7306,2699,29070,22096,37175,51166,10005,
80,1879,15038,22047,2013-11-13T00:00:00.000,10561,3987.0,7318,2720,29063,22047,37085,51110,10038,
81,1879,15080,22108,2013-11-14T00:00:00.000,10587,3986.0,7308,2703,29077,22108,37188,51185,10011,
82,1882,15158,22224,2013-11-18T00:00:00.000,10632,3989.0,7283,2722,29152,22224,37382,51376,10005,
83,1879,15148,22206,2013-11-20T00:00:00.000,10622,3982.0,7309,2732,29171,22206,37354,51377,10041,
84,1885,15158,22211,2013-11-21T00:00:00.000,10633,3994.0,7277,2740,29169,22211,37369,51380,10017,
85,1882,15139,22189,2013-11-22T00:00:00.000,10623,3988.0,7203,2695,29025,22189,37328,51214,9898,
86,1882,15106,22175,2013-11-23T00:00:00.000,10612,3989.0,7218,2710,29023,22175,37281,51198,9928,
87,1882,15144,22237,2013-11-24T00:00:00.000,10638,3989.0,7323,2729,29185,22237,37381,51422,10052,
88,1882,15169,22252,2013-11-25T00:00:00.000,10648,3993.0,7347,2728,29237,22252,37421,51489,10075,
89,1875,15112,22168,2013-11-26T00:00:00.000,10614,3979.0,7375,2712,29178,22168,37280,51346,10087,
90,1882,15111,22164,2013-11-27T00:00:00.000,10616,3989.0,7325,2694,29119,22164,37275,51283,10019,
91,1878,15094,22174,2013-11-28T00:00:00.000,10606,3981.0,7166,2661,28902,22174,37268,51076,9827,
92,1873,15074,22135,2013-11-29T00:00:00.000,10597,3973.0,7159,2635,28841,22135,37209,50976,9794,
93,1885,15082,22151,2013-12-01T00:00:00.000,10599,3999.0,7300,2686,29067,22151,37233,51218,9986,
94,1874,15026,22091,2013-12-02T00:00:00.000,10559,3974.0,7305,2697,29002,22091,37117,51093,10002,
95,1868,14986,22003,2013-12-03T00:00:00.000,10526,3963.0,7292,2685,28926,22003,36989,50929,9977,
96,1868,14977,22022,2013-12-04T00:00:00.000,10524,3964.0,7251,2695,28887,22022,36999,50909,9946,
97,1872,15009,22063,2013-12-05T00:00:00.000,10551,3971.0,7246,2682,28908,22063,37072,50971,9928,
98,1866,14990,22052,2013-12-06T00:00:00.000,10543,3956.0,7253,2675,28874,22052,37042,50926,9928,
99,1871,14983,22066,2013-12-07T00:00:00.000,10546,3967.0,7286,2697,28933,22066,37049,50999,9983,
100,1881,15023,22129,2013-12-08T00:00:00.000,10576,3988.0,7389,2708,29108,22129,37152,51237,10097,
101,1887,15040,22164,2013-12-09T00:00:00.000,10588,4001.0,7402,2707,29150,22164,37204,51314,10109,
102,1883,14976,22060,2013-12-10T00:00:00.000,10545,3991.0,7417,2712,29096,22060,37036,51156,10129,
103,1883,15005,22089,2013-12-11T00:00:00.000,10565,3991.0,7395,2694,29085,22089,37094,51174,10089,
104,1878,15025,22085,2013-12-12T00:00:00.000,10578,3983.0,7415,2695,29118,22085,37110,51203,10110,
105,1877,15015,22066,2013-12-13T00:00:00.000,10570,3982.0,7317,2693,29007,22066,37081,51073,10010,
106,1864,15003,22036,2013-12-14T00:00:00.000,10560,3954.0,7333,2694,28984,22036,37039,51020,10027,
107,1861,15032,22069,2013-12-15T00:00:00.000,10575,3947.0,7398,2706,29083,22069,37101,51152,10104,
108,1872,15027,22054,2013-12-16T00:00:00.000,10564,3967.0,7442,2725,29161,22054,37081,51215,10167,
109,1866,15028,22027,2013-12-17T00:00:00.000,10562,3959.0,7441,2728,29156,22027,37055,51183,10169,
110,1873,15005,22022,2013-12-18T00:00:00.000,10552,3974.0,7421,2729,29129,22022,37027,51151,10150,
111,1866,14994,21993,2013-12-20T00:00:00.000,10537,3960.0,7237,2687,28878,21993,36987,50871,9924,
112,1867,15005,21984,2013-12-21T00:00:00.000,10542,3961.0,7210,2691,28867,21984,36989,50851,9901,
113,1865,15037,22032,2013-12-22T00:00:00.000,10565,3958.0,7267,2698,28960,22032,37069,50992,9965,
114,1878,15046,22041,2013-12-23T00:00:00.000,10561,3984.0,7308,2703,29041,22041,37087,51082,10011,
115,1863,15000,21992,2013-12-24T00:00:00.000,10532,3954.0,7201,2671,28826,21992,36992,50818,9872,
116,1866,15036,22027,2013-12-25T00:00:00.000,10556,3960.0,7261,2681,28938,22027,37063,50965,9942,
117,1868,15029,22016,2013-12-26T00:00:00.000,10547,3965.0,7311,2692,28997,22016,37045,51013,10003,
118,1865,14973,21971,2013-12-27T00:00:00.000,10508,3958.0,7281,2678,28890,21971,36944,50861,9959,
119,1864,14950,21961,2013-12-28T00:00:00.000,10494,3955.0,7261,2660,28826,21961,36911,50787,9921,
120,1873,14981,22002,2013-12-29T00:00:00.000,10516,3973.0,7374,2664,28992,22002,36983,50994,10038,
121,1871,14958,21980,2013-12-30T00:00:00.000,10500,3968.0,7337,2684,28947,21980,36938,50927,10021,
122,1867,14889,21907,2013-12-31T00:00:00.000,10458,3956.0,7030,2588,28463,21907,36796,50370,9618,
123,1866,14897,21919,2014-01-01T00:00:00.000,10469,3954.0,7269,2650,28770,21919,36816,50689,9919,
124,1871,14930,21954,2014-01-02T00:00:00.000,10484,3963.0,7289,2661,28843,21954,36884,50797,9950,
125,1872,14978,22007,2014-01-03T00:00:00.000,10521,3968.0,7323,2678,28947,22007,36985,50954,10001,
126,1877,14971,22003,2014-01-04T00:00:00.000,10520,3979.0,7320,2684,28954,22003,36974,50957,10004,
127,1874,14941,21966,2014-01-05T00:00:00.000,10502,3972.0,7386,2692,28991,21966,36907,50957,10078,
128,1874,14896,21936,2014-01-06T00:00:00.000,10462,3975.0,7399,2704,28974,21936,36832,50910,10103,
129,1874,14929,21972,2014-01-07T00:00:00.000,10487,3974.0,7462,2745,29110,21972,36901,51082,10207,
130,1878,15051,22132,2014-01-08T00:00:00.000,10567,3985.0,7423,2728,29187,22132,37183,51319,10151,
131,1892,15074,22162,2014-01-09T00:00:00.000,10586,4013.0,7367,2736,29190,22162,37236,51352,10103,
132,1864,15016,22105,2014-01-10T00:00:00.000,10549,3957.0,7344,2703,29020,22105,37121,51125,10047,
133,1865,14999,22071,2014-01-11T00:00:00.000,10543,3958.0,7332,2694,28983,22071,37070,51054,10026,
134,1872,15055,22122,2014-01-12T00:00:00.000,10584,3971.0,7387,2726,29139,22122,37177,51261,10113,
135,1881,15082,22156,2014-01-13T00:00:00.000,10598,3985.0,7373,2749,29189,22156,37238,51345,10122,
136,1870,15026,22095,2014-01-14T00:00:00.000,10559,3964.0,7386,2756,29132,22095,37121,51227,10142,
137,1867,15066,22175,2014-01-15T00:00:00.000,10591,3959.0,7373,2771,29169,22175,37241,51344,10144,
138,1870,15087,22206,2014-01-16T00:00:00.000,10605,3963.0,7391,2766,29207,22206,37293,51413,10157,
139,1876,15096,22214,2014-01-17T00:00:00.000,10609,3975.0,7330,2756,29157,22214,37310,51371,10086,
140,1871,15065,22169,2014-01-18T00:00:00.000,10591,3962.0,7369,2754,29150,22169,37234,51319,10123,
141,1877,15107,22223,2014-01-19T00:00:00.000,10624,3974.0,7403,2765,29249,22223,37330,51472,10168,
142,1881,15115,22244,2014-01-20T00:00:00.000,10627,3982.0,7459,2785,29341,22244,37359,51585,10244,
143,1888,15126,22254,2014-01-21T00:00:00.000,10627,3997.0,7485,2787,29395,22254,37380,51649,10272,
144,1888,15179,22325,2014-01-22T00:00:00.000,10669,3996.0,7511,2798,29484,22325,37504,51809,10309,
145,1898,15174,22330,2014-01-23T00:00:00.000,10666,4017.0,7557,2804,29552,22330,37504,51882,10361,
146,1897,15213,22369,2014-01-24T00:00:00.000,10685,4016.0,7506,2803,29538,22369,37582,51907,10309,
147,1893,15231,22407,2014-01-25T00:00:00.000,10698,4007.0,7482,2800,29520,22407,37638,51927,10282,
148,1904,15282,22467,2014-01-26T00:00:00.000,10737,4028.0,7540,2804,29654,22467,37749,52121,10344,
149,1903,15295,22488,2014-01-27T00:00:00.000,10740,4026.0,7545,2814,29680,22488,37783,52168,10359,
150,1899,15305,22492,2014-01-28T00:00:00.000,10752,4019.0,7556,2806,29686,22492,37797,52178,10362,
151,1897,15326,22512,2014-01-29T00:00:00.000,10767,4015.0,7578,2816,29735,22512,37838,52247,10394,
152,1902,15341,22523,2014-01-30T00:00:00.000,10772,4024.0,7540,2803,29708,22523,37864,52231,10343,
153,1891,15304,22497,2014-01-31T00:00:00.000,10744,3997.0,7378,2733,29412,22497,37801,51909,10111,
154,1872,15213,22398,2014-02-01T00:00:00.000,10684,3958.0,7371,2728,29270,22398,37611,51668,10099,
155,1875,15229,22415,2014-02-02T00:00:00.000,10692,3966.0,7384,2730,29309,22415,37644,51724,10114,
156,1881,15278,22474,2014-02-03T00:00:00.000,10727,3980.0,7455,2756,29469,22474,37752,51943,10211,
157,1895,15323,22511,2014-02-04T00:00:00.000,10759,4010.0,7463,2770,29566,22511,37834,52077,10233,
158,1902,15322,22527,2014-02-05T00:00:00.000,10760,4022.0,7497,2769,29610,22527,37849,52137,10266,
159,1914,15341,22537,2014-02-06T00:00:00.000,10767,4047.0,7513,2761,29662,22537,37878,52199,10274,
160,1919,15356,22556,2014-02-07T00:00:00.000,10774,4058.0,7452,2740,29606,22556,37912,52162,10192,
161,1911,15296,22490,2014-02-08T00:00:00.000,10742,4043.0,7419,2744,29502,22490,37786,51992,10163,
162,1917,15278,22475,2014-02-09T00:00:00.000,10730,4055.0,7523,2753,29609,22475,37753,52084,10276,
163,1911,15297,22478,2014-02-10T00:00:00.000,10734,4043.0,7577,2769,29686,22478,37775,52164,10346,
164,1906,15280,22460,2014-02-11T00:00:00.000,10722,4034.0,7602,2790,29706,22460,37740,52166,10392,
165,1897,15291,22465,2014-02-12T00:00:00.000,10725,4017.0,7576,2788,29672,22465,37756,52137,10364,
166,1913,15351,22544,2014-02-13T00:00:00.000,10770,4050.0,7594,2780,29775,22544,37895,52319,10374,
167,1908,15333,22523,2014-02-14T00:00:00.000,10763,4038.0,7503,2756,29630,22523,37856,52153,10259,
168,1896,15303,22487,2014-02-15T00:00:00.000,10738,4016.0,7504,2759,29582,22487,37790,52069,10263,
169,1900,15304,22497,2014-02-16T00:00:00.000,10740,4024.0,7567,2773,29668,22497,37801,52165,10340,
170,1904,15322,22519,2014-02-17T00:00:00.000,10754,4032.0,7612,2785,29751,22519,37841,52270,10397,
171,1910,15347,22535,2014-02-18T00:00:00.000,10764,4045.0,7607,2791,29790,22535,37882,52325,10398,
172,1907,15324,22509,2014-02-19T00:00:00.000,10743,4040.0,7605,2783,29752,22509,37833,52261,10388,
173,1889,15310,22478,2014-02-20T00:00:00.000,10731,4005.0,7606,2772,29693,22478,37788,52171,10378,
174,1895,15333,22498,2014-02-22T00:00:00.000,10744,4019.0,7489,2735,29576,22498,37831,52074,10224,
175,1902,15369,22555,2014-02-23T00:00:00.000,10771,4033.0,7552,2740,29694,22555,37924,52249,10292,
176,1901,15352,22544,2014-02-24T00:00:00.000,10754,4030.0,7611,2764,29757,22544,37896,52301,10375,
177,1894,15327,22514,2014-02-25T00:00:00.000,10738,4016.0,7633,2771,29747,22514,37841,52261,10404,
178,1895,15350,22589,2014-02-26T00:00:00.000,10758,4017.0,7614,2768,29749,22589,37939,52338,10382,
179,1899,15358,22612,2014-02-27T00:00:00.000,10771,4027.0,7592,2765,29742,22612,37970,52354,10357,
180,1894,15344,22605,2014-02-28T00:00:00.000,10766,4020.0,7494,2721,29579,22605,37949,52184,10215,
181,1906,15357,22631,2014-03-01T00:00:00.000,10778,4044.0,7448,2687,29536,22631,37988,52167,10135,
182,1895,15378,22656,2014-03-02T00:00:00.000,10796,4022.0,7535,2704,29639,22656,38034,52295,10239,
183,1893,15351,22626,2014-03-03T00:00:00.000,10776,4019.0,7553,2722,29645,22626,37977,52271,10275,
184,1893,15296,22525,2014-03-04T00:00:00.000,10739,4019.0,7555,2723,29593,22525,37821,52118,10278,
185,1896,15296,22495,2014-03-05T00:00:00.000,10729,4026.0,7568,2743,29633,22495,37791,52128,10311,
186,1900,15315,22509,2014-03-07T00:00:00.000,10743,4037.0,7498,2711,29561,22509,37824,52070,10209,
187,1885,15340,22520,2014-03-08T00:00:00.000,10753,4008.0,7457,2706,29511,22520,37860,52031,10163,
188,1893,15382,22571,2014-03-09T00:00:00.000,10787,4025.0,7520,2713,29640,22571,37953,52211,10233,
189,1884,15336,22506,2014-03-10T00:00:00.000,10748,4006.0,7557,2752,29651,22506,37842,52157,10309,
190,1874,15325,22468,2014-03-11T00:00:00.000,10741,3978.0,7513,2726,29542,22468,37793,52010,10239,
191,1872,15342,22501,2014-03-12T00:00:00.000,10761,3972.0,7585,2747,29646,22501,37843,52147,10332,
192,1872,15354,22505,2014-03-13T00:00:00.000,10767,3970.0,7594,2724,29642,22505,37859,52147,10318,
193,1881,15376,22521,2014-03-14T00:00:00.000,10781,3986.0,7491,2697,29550,22521,37897,52071,10188,
194,1868,15366,22504,2014-03-15T00:00:00.000,10773,3960.0,7493,2688,29507,22504,37870,52011,10181,
195,1874,15396,22546,2014-03-16T00:00:00.000,10794,3974.0,7629,2708,29707,22546,37942,52253,10337,
196,1879,15389,22530,2014-03-17T00:00:00.000,10786,3985.0,7652,2737,29763,22530,37919,52293,10389,
197,1870,15393,22516,2014-03-18T00:00:00.000,10788,3963.0,7629,2731,29716,22516,37909,52232,10360,
198,1879,15391,22509,2014-03-19T00:00:00.000,10778,3980.0,7672,2747,29790,22509,37900,52299,10419,
199,1866,15403,22527,2014-03-20T00:00:00.000,10784,3953.0,7620,2767,29743,22527,37930,52270,10387,
200,1873,15417,22539,2014-03-21T00:00:00.000,10796,3963.0,7515,2718,29613,22539,37956,52152,10233,
201,1880,15425,22559,2014-03-22T00:00:00.000,10800,3976.0,7491,2711,29603,22559,37984,52162,10202,
202,1884,15455,22601,2014-03-23T00:00:00.000,10825,3985.0,7624,2724,29788,22601,38056,52389,10348,
203,1881,15433,22565,2014-03-24T00:00:00.000,10804,3979.0,7669,2761,29842,22565,37998,52407,10430,
204,1876,15418,22528,2014-03-25T00:00:00.000,10793,3968.0,7674,2779,29839,22528,37946,52367,10453,
205,1878,15448,22563,2014-03-26T00:00:00.000,10815,3970.0,7658,2783,29859,22563,38011,52422,10441,
206,1876,15466,22571,2014-03-27T00:00:00.000,10822,3964.0,7637,2787,29854,22571,38037,52425,10424,
207,1877,15487,22574,2014-03-28T00:00:00.000,10831,3965.0,7521,2739,29712,22574,38061,52286,10260,
208,1873,15498,22587,2014-03-29T00:00:00.000,10838,3959.0,7554,2730,29741,22587,38085,52328,10284,
209,1873,15532,22623,2014-03-30T00:00:00.000,10863,3959.0,7644,2737,29872,22623,38155,52495,10381,
210,1875,15496,22587,2014-03-31T00:00:00.000,10839,3963.0,7640,2734,29833,22587,38083,52420,10374,
211,1880,15444,22486,2014-04-01T00:00:00.000,10804,3971.0,7558,2710,29683,22486,37930,52169,10268,
212,1880,15826,23260,2014-04-02T00:00:00.000,11031,3974.0,7575,2710,30085,23260,39086,53345,10285,
213,1882,15830,23259,2014-04-03T00:00:00.000,11035,3976.0,7505,2704,30015,23259,39089,53274,10209,
214,1886,15862,23285,2014-04-04T00:00:00.000,11048,3984.0,7460,2697,30003,23285,39147,53288,10157,
215,1880,15873,23284,2014-04-05T00:00:00.000,11057,3973.0,7467,2679,29992,23284,39157,53276,10146,
216,1886,15904,23335,2014-04-06T00:00:00.000,11080,3986.0,7570,2716,30176,23335,39239,53511,10286,
217,1895,15886,23316,2014-04-07T00:00:00.000,11065,4004.0,7592,2742,30224,23316,39202,53540,10334,
218,1890,15504,22501,2014-04-08T00:00:00.000,10842,3996.0,7566,2742,29808,22501,38005,52309,10308,
219,1894,15499,22479,2014-04-09T00:00:00.000,10835,4001.0,7610,2730,29840,22479,37978,52319,10340,
220,1894,15505,22486,2014-04-10T00:00:00.000,10848,4002.0,7560,2749,29816,22486,37991,52302,10309,
221,1893,15517,22515,2014-04-11T00:00:00.000,10865,3998.0,7512,2729,29756,22515,38032,52271,10241,
222,1889,15525,22538,2014-04-12T00:00:00.000,10866,3989.0,7476,2726,29716,22538,38063,52254,10202,
223,1893,15573,22617,2014-04-13T00:00:00.000,10897,3997.0,7568,2707,29845,22617,38190,52462,10275,
224,1896,15546,22565,2014-04-14T00:00:00.000,10869,4003.0,7589,2735,29873,22565,38111,52438,10324,
225,1888,15523,22545,2014-04-15T00:00:00.000,10853,3985.0,7693,2741,29942,22545,38068,52487,10434,
226,1892,15550,22595,2014-04-16T00:00:00.000,10885,3997.0,7681,2762,29990,22595,38145,52585,10443,
227,1889,15555,22579,2014-04-17T00:00:00.000,10887,3986.0,7678,2768,29987,22579,38134,52566,10446,
228,1886,15522,22546,2014-04-18T00:00:00.000,10866,3976.0,7628,2758,29884,22546,38068,52430,10386,
229,1887,15547,22591,2014-04-19T00:00:00.000,10890,3979.0,7572,2739,29837,22591,38138,52428,10311,
230,1889,15579,22621,2014-04-20T00:00:00.000,10911,3983.0,7647,2761,29970,22621,38200,52591,10408,
231,1887,15556,22593,2014-04-21T00:00:00.000,10893,3979.0,7733,2752,30020,22593,38149,52613,10485,
232,1875,15529,22546,2014-04-22T00:00:00.000,10866,3949.0,7726,2766,29970,22546,38075,52516,10492,
233,1873,15555,22610,2014-04-23T00:00:00.000,10893,3936.0,7729,2785,30005,22610,38165,52615,10514,
234,1857,15555,22636,2014-04-24T00:00:00.000,10893,3904.0,7732,2775,29966,22636,38191,52602,10507,
235,1862,15572,22629,2014-04-25T00:00:00.000,10902,3922.0,7627,2760,29881,22629,38201,52510,10387,
236,1866,15595,22639,2014-04-26T00:00:00.000,10912,3930.0,7641,2778,29944,22639,38234,52583,10419,
237,1872,15631,22681,2014-04-27T00:00:00.000,10941,3940.0,7715,2773,30059,22681,38312,52740,10488,
238,1876,15644,22677,2014-04-28T00:00:00.000,10949,3950.0,7741,2792,30127,22677,38321,52804,10533,
239,1873,15616,22638,2014-04-29T00:00:00.000,10922,3943.0,7811,2799,30169,22638,38254,52807,10610,
240,1870,15633,22661,2014-04-30T00:00:00.000,10940,3934.0,7776,2803,30146,22661,38294,52807,10579,
241,1878,15665,22688,2014-05-01T00:00:00.000,10967,3954.0,7630,2748,29997,22688,38353,52685,10378,
242,1883,15676,22686,2014-05-02T00:00:00.000,10970,3963.0,7476,2735,29850,22686,38362,52536,10211,
243,1877,15672,22684,2014-05-03T00:00:00.000,10972,3953.0,7484,2724,29833,22684,38356,52517,10208,
244,1891,15693,22722,2014-05-04T00:00:00.000,10990,3985.0,7613,2735,30026,22722,38415,52748,10348,
245,1895,15722,22742,2014-05-05T00:00:00.000,11001,3993.0,7627,2755,30097,22742,38464,52839,10382,
246,1890,15703,22716,2014-05-06T00:00:00.000,10982,3984.0,7629,2761,30077,22716,38419,52793,10390,
247,1896,15711,22725,2014-05-07T00:00:00.000,10989,3994.0,7637,2768,30110,22725,38436,52835,10405,
248,1902,15746,22756,2014-05-08T00:00:00.000,11009,4005.0,7649,2763,30163,22756,38502,52919,10412,
249,1903,15758,22753,2014-05-09T00:00:00.000,11020,4009.0,7597,2750,30114,22753,38511,52867,10347,
250,1903,15794,22795,2014-05-10T00:00:00.000,11044,4008.0,7553,2737,30092,22795,38589,52887,10290,
251,1912,15832,22843,2014-05-11T00:00:00.000,11072,4026.0,7597,2732,30187,22843,38675,53030,10329,
252,1914,15821,22842,2014-05-12T00:00:00.000,11061,4031.0,7648,2776,30276,22842,38663,53118,10424,
253,1914,15793,22817,2014-05-13T00:00:00.000,11045,4029.0,7677,2790,30289,22817,38610,53106,10467,
254,1914,15825,22861,2014-05-14T00:00:00.000,11067,4027.0,7676,2806,30334,22861,38686,53195,10482,
255,1912,15864,22907,2014-05-15T00:00:00.000,11088,4024.0,7663,2784,30335,22907,38771,53242,10447,
256,1912,15862,22915,2014-05-16T00:00:00.000,11096,4024.0,7530,2790,30206,22915,38777,53121,10320,
257,1918,15887,22957,2014-05-17T00:00:00.000,11113,4035.0,7545,2774,30241,22957,38844,53198,10319,
258,1923,15923,22997,2014-05-18T00:00:00.000,11134,4045.0,7643,2794,30405,22997,38920,53402,10437,
259,1919,15929,22999,2014-05-19T00:00:00.000,11131,4036.0,7621,2808,30394,22999,38928,53393,10429,
260,1917,15917,22977,2014-05-20T00:00:00.000,11123,4032.0,7612,2801,30362,22977,38894,53339,10413,
261,1915,15961,23023,2014-05-21T00:00:00.000,11157,4027.0,7603,2805,30396,23023,38984,53419,10408,
262,1909,15938,22996,2014-05-22T00:00:00.000,11146,4014.0,7619,2810,30381,22996,38934,53377,10429,
263,1912,15945,23012,2014-05-23T00:00:00.000,11147,4016.0,7552,2805,30318,23012,38957,53330,10357,
264,1902,15923,22987,2014-05-24T00:00:00.000,11137,3996.0,7537,2800,30256,22987,38910,53243,10337,
265,1896,15947,23022,2014-05-25T00:00:00.000,11160,3983.0,7514,2781,30225,23022,38969,53247,10295,
266,1892,15945,23014,2014-05-26T00:00:00.000,11154,3973.0,7543,2790,30251,23014,38959,53265,10333,
267,1905,15934,23003,2014-05-27T00:00:00.000,11138,3997.0,7602,2805,30338,23003,38937,53341,10407,
268,1902,15925,23005,2014-05-28T00:00:00.000,11135,3993.0,7591,2813,30322,23005,38930,53327,10404,
269,1896,15913,22982,2014-05-29T00:00:00.000,11129,3981.0,7629,2805,30328,22982,38895,53310,10434,
270,1901,15942,22993,2014-05-30T00:00:00.000,11146,3995.0,7505,2777,30219,22993,38935,53212,10282,
271,1897,15925,22976,2014-05-31T00:00:00.000,11139,3986.0,7542,2768,30221,22976,38901,53197,10310,
272,1906,15963,23023,2014-06-01T00:00:00.000,11169,4005.0,7602,2790,30360,23023,38986,53383,10392,
273,1914,15951,23033,2014-06-02T00:00:00.000,11162,4023.0,7589,2778,30341,23033,38984,53374,10367,
274,1915,15932,23004,2014-06-03T00:00:00.000,11143,4025.0,7595,2768,30320,23004,38936,53324,10363,
275,1913,15934,23012,2014-06-04T00:00:00.000,11144,4026.0,7570,2778,30308,23012,38946,53320,10348,
276,1914,15950,23012,2014-06-05T00:00:00.000,11152,4027.0,7577,2786,30340,23012,38962,53352,10363,
277,1921,15972,23058,2014-06-06T00:00:00.000,11177,4038.0,7494,2782,30286,23058,39030,53344,10276,
278,1923,15975,23086,2014-06-07T00:00:00.000,11175,4042.0,7446,2787,30250,23086,39061,53336,10233,
279,1924,16005,23123,2014-06-08T00:00:00.000,11197,4044.0,7530,2803,30382,23123,39128,53505,10333,
280,1924,15970,23094,2014-06-09T00:00:00.000,11170,4044.0,7602,2803,30419,23094,39064,53513,10405,
281,1913,15965,23075,2014-06-10T00:00:00.000,11164,4019.0,7606,2816,30406,23075,39040,53481,10422,
282,1918,15989,23103,2014-06-11T00:00:00.000,11180,4030.0,7596,2826,30441,23103,39092,53544,10422,
283,1926,16023,23133,2014-06-12T00:00:00.000,11200,4045.0,7563,2831,30462,23133,39156,53595,10394,
284,1925,16048,23179,2014-06-13T00:00:00.000,11223,4042.0,7508,2809,30407,23179,39227,53586,10317,
285,1920,16041,23175,2014-06-14T00:00:00.000,11221,4034.0,7500,2797,30372,23175,39216,53547,10297,
286,1918,16074,23203,2014-06-15T00:00:00.000,11245,4030.0,7528,2795,30427,23203,39277,53630,10323,
287,1920,16077,23225,2014-06-16T00:00:00.000,11250,4035.0,7601,2816,30529,23225,39302,53754,10417,
288,1916,16048,23179,2014-06-17T00:00:00.000,11228,4030.0,7583,2810,30471,23179,39227,53650,10393,
289,1928,16073,23227,2014-06-18T00:00:00.000,11244,4056.0,7591,2820,30540,23227,39300,53767,10411,
290,1926,16105,23252,2014-06-19T00:00:00.000,11260,4053.0,7592,2833,30583,23252,39357,53835,10425,
291,1926,16093,23243,2014-06-20T00:00:00.000,11257,4055.0,7520,2808,30476,23243,39336,53719,10328,
292,1927,16098,23246,2014-06-21T00:00:00.000,11260,4057.0,7538,2794,30487,23246,39344,53733,10332,
293,1923,16139,23289,2014-06-22T00:00:00.000,11288,4048.0,7605,2813,30605,23289,39428,53894,10418,
294,1930,16110,23227,2014-06-27T00:00:00.000,11247,4063.0,7516,2820,30509,23227,39337,53736,10336,
295,1922,16160,23286,2014-06-28T00:00:00.000,11288,4045.0,7504,2809,30518,23286,39446,53804,10313,
296,1927,16194,23343,2014-06-29T00:00:00.000,11312,4055.0,7567,2827,30643,23343,39537,53986,10394,
297,1924,16169,23323,2014-06-30T00:00:00.000,11292,4048.0,7559,2829,30605,23323,39492,53928,10388,
298,1916,16113,23261,2014-07-01T00:00:00.000,11256,4030.0,7514,2824,30481,23261,39374,53742,10338,
299,1920,16112,23224,2014-07-03T00:00:00.000,11253,4041.0,7485,2796,30434,23224,39336,53658,10281,
300,1919,16106,23223,2014-07-04T00:00:00.000,11248,4039.0,7454,2786,30385,23223,39329,53608,10240,
301,1930,16141,23277,2014-07-05T00:00:00.000,11277,4062.0,7463,2774,30440,23277,39418,53717,10237,
302,1925,16164,23311,2014-07-06T00:00:00.000,11290,4051.0,7561,2805,30581,23311,39475,53892,10366,
303,1924,16164,23306,2014-07-07T00:00:00.000,11280,4050.0,7601,2806,30621,23306,39470,53927,10407,
304,1924,16162,23305,2014-07-08T00:00:00.000,11277,4050.0,7622,2829,30663,23305,39467,53968,10451,
305,1933,16210,23369,2014-07-09T00:00:00.000,11318,4070.0,7606,2836,30722,23369,39579,54091,10442,
306,1925,16234,23401,2014-07-10T00:00:00.000,11338,4051.0,7575,2841,30701,23401,39635,54102,10416,
307,1934,16258,23435,2014-07-11T00:00:00.000,11350,4073.0,7551,2828,30710,23435,39693,54145,10379,
308,1943,16259,23443,2014-07-12T00:00:00.000,11353,4092.0,7505,2826,30682,23443,39702,54125,10331,
309,1947,16308,23509,2014-07-13T00:00:00.000,11387,4100.0,7622,2856,30886,23509,39817,54395,10478,
310,1949,16288,23487,2014-07-14T00:00:00.000,11365,4105.0,7657,2880,30930,23487,39775,54417,10537,
311,1944,16281,23486,2014-07-15T00:00:00.000,11358,4097.0,7681,2894,30953,23486,39767,54439,10575,
312,1949,16273,23459,2014-07-16T00:00:00.000,11356,4107.0,7683,2882,30945,23459,39732,54404,10565,
313,1954,16299,23474,2014-07-17T00:00:00.000,11376,4117.0,7644,2893,30953,23474,39773,54427,10537,
314,1956,16310,23487,2014-07-18T00:00:00.000,11383,4120.0,7587,2870,30887,23487,39797,54374,10457,
315,1965,16317,23491,2014-07-19T00:00:00.000,11386,4138.0,7603,2872,30930,23491,39808,54421,10475,
316,1968,16352,23536,2014-07-20T00:00:00.000,11414,4145.0,7682,2887,31066,23536,39888,54602,10569,
317,1967,16341,23499,2014-07-21T00:00:00.000,11401,4142.0,7675,2924,31082,23499,39840,54581,10599,
318,1976,16285,23392,2014-07-22T00:00:00.000,11355,4156.0,7682,2906,31029,23392,39677,54421,10588,
319,1976,16339,23483,2014-07-23T00:00:00.000,11395,4159.0,7705,2919,31122,23483,39822,54605,10624,
320,1978,16376,23556,2014-07-24T00:00:00.000,11430,4160.0,7700,2914,31150,23556,39932,54706,10614,
321,1984,16371,23543,2014-07-25T00:00:00.000,11431,4171.0,7615,2902,31059,23543,39914,54602,10517,
322,1982,16370,23555,2014-07-26T00:00:00.000,11431,4170.0,7563,2896,30996,23558,39925,54554,10459,
323,1984,16430,23623,2014-07-27T00:00:00.000,11465,4172.0,7655,2903,31160,23623,40053,54783,10558,
324,1967,16420,23604,2014-07-29T00:00:00.000,11444,4139.0,7664,2936,31156,23607,40024,54763,10600,
325,1974,16417,23601,2014-07-30T00:00:00.000,11436,4153.0,7655,2933,31158,23601,40018,54759,10588,
326,1971,16425,23646,2014-07-31T00:00:00.000,11443,4152.0,7592,2927,31093,23649,40071,54742,10519,
327,1969,16385,23617,2014-08-01T00:00:00.000,11423,4146.0,7436,2883,30850,23617,40002,54467,10319,
328,1974,16366,23593,2014-08-02T00:00:00.000,11412,4154.0,7462,2896,30878,23593,39959,54471,10358,
329,1985,16395,23657,2014-08-03T00:00:00.000,11438,4178.0,7559,2923,31055,23657,40052,54712,10482,
330,2002,16408,23653,2014-08-04T00:00:00.000,11447,4210.0,7569,2925,31112,23653,40061,54765,10494,
331,1999,16355,23555,2014-08-05T00:00:00.000,11406,4204.0,7599,2932,31090,23555,39910,54645,10531,
332,2004,16373,23585,2014-08-06T00:00:00.000,11414,4214.0,7599,2940,31126,23585,39958,54711,10539,
333,1997,16384,23608,2014-08-07T00:00:00.000,11417,4201.0,7607,2937,31129,23608,39992,54737,10544,
334,1999,16412,23642,2014-08-08T00:00:00.000,11441,4204.0,7539,2929,31084,23642,40054,54726,10468,
335,1984,16405,23654,2014-08-09T00:00:00.000,11439,4171.0,7482,2936,30994,23654,40059,54648,10418,
336,1984,16480,23754,2014-08-10T00:00:00.000,11494,4171.0,7591,2949,31191,23754,40234,54945,10540,
337,1995,16417,23646,2014-08-11T00:00:00.000,11434,4194.0,7628,2970,31209,23646,40063,54855,10598,
338,1995,16402,23635,2014-08-12T00:00:00.000,11423,4194.0,7662,2958,31216,23635,40037,54851,10620,
339,2000,16379,23589,2014-08-13T00:00:00.000,11416,4202.0,7659,2972,31212,23589,39968,54801,10631,
340,2010,16380,23580,2014-08-14T00:00:00.000,11411,4221.0,7648,2964,31213,23580,39960,54793,10612,
341,2014,16378,23599,2014-08-15T00:00:00.000,11415,4231.0,7578,2944,31131,23599,39977,54730,10522,
342,2000,16373,23578,2014-08-16T00:00:00.000,11415,4203.0,7523,2940,31039,23578,39951,54617,10463,
343,2008,16419,23638,2014-08-17T00:00:00.000,11445,4219.0,7600,2954,31192,23638,40057,54830,10554,
344,2000,16420,23625,2014-08-18T00:00:00.000,11440,4203.0,7657,2969,31249,23625,40045,54874,10626,
345,2004,16413,23625,2014-08-19T00:00:00.000,11431,4212.0,7672,2967,31264,23625,40038,54889,10639,
346,2015,16412,23635,2014-08-20T00:00:00.000,11438,4232.0,7667,2974,31285,23635,40047,54920,10641,
347,2016,16445,23673,2014-08-21T00:00:00.000,11452,4235.0,7642,2969,31291,23673,40118,54964,10611,
348,2017,16448,23696,2014-08-22T00:00:00.000,11461,4240.0,7598,2962,31248,23696,40144,54944,10560,
349,2020,16440,23685,2014-08-23T00:00:00.000,11453,4244.0,7587,2974,31245,23685,40125,54930,10561,
350,2025,16473,23735,2014-08-24T00:00:00.000,11483,4253.0,7648,2988,31362,23735,40208,55097,10636,
351,2023,16449,23710,2014-08-25T00:00:00.000,11459,4250.0,7674,2993,31366,23710,40159,55076,10667,
352,2011,16390,23667,2014-08-26T00:00:00.000,11422,4227.0,7691,3004,31312,23667,40057,54979,10695,
353,2014,16418,23704,2014-08-27T00:00:00.000,11440,4234.0,7685,2984,31321,23704,40122,55025,10669,
354,2013,16435,23734,2014-08-28T00:00:00.000,11452,4231.0,7643,2993,31302,23734,40169,55036,10636,
355,2015,16418,23731,2014-08-29T00:00:00.000,11450,4234.0,7533,2957,31142,23731,40149,54873,10490,
356,2014,16438,23759,2014-08-30T00:00:00.000,11467,4230.0,7557,2945,31170,23759,40197,54929,10502,
357,2025,16457,23775,2014-08-31T00:00:00.000,11477,4252.0,7601,2944,31254,23775,40232,55029,10545,
358,2030,16491,23815,2014-09-01T00:00:00.000,11496,4263.0,7636,2969,31359,23815,40306,55174,10605,
359,2038,16473,23827,2014-09-02T00:00:00.000,11485,4284.0,7652,2985,31394,23827,40300,55221,10637,
360,2031,16408,23761,2014-09-03T00:00:00.000,11439,4274.0,7635,2972,31289,23761,40169,55050,10607,
361,2023,16458,23862,2014-09-04T00:00:00.000,11475,4256.0,7657,2989,31360,23862,40320,55222,10646,
362,2023,16484,23911,2014-09-05T00:00:00.000,11493,4259.0,7596,2972,31311,23911,40395,55222,10568,
363,2023,16525,23947,2014-09-06T00:00:00.000,11517,4256.0,7646,2968,31395,23947,40472,55342,10614,
364,2027,16564,23985,2014-09-07T00:00:00.000,11547,4263.0,7701,2985,31513,23985,40549,55498,10686,
365,2050,16568,23997,2014-09-08T00:00:00.000,11539,4309.0,7739,3003,31619,23997,40565,55616,10742,
366,2054,16536,23932,2014-09-09T00:00:00.000,11521,4317.0,7753,3014,31620,23932,40468,55552,10767,
367,2058,16613,24058,2014-09-10T00:00:00.000,11571,4326.0,7708,3023,31670,24058,40671,55728,10731,
368,2052,16615,24066,2014-09-11T00:00:00.000,11575,4314.0,7709,3023,31661,24066,40681,55727,10732,
369,2052,16650,24124,2014-09-12T00:00:00.000,11599,4312.0,7675,3007,31644,24124,40774,55768,10682,
370,2059,16658,24118,2014-09-13T00:00:00.000,11613,4328.0,7678,3002,31666,24118,40776,55784,10680,
371,2072,16721,24209,2014-09-14T00:00:00.000,11655,4355.0,7779,3018,31873,24209,40930,56082,10797,
372,2073,16685,24182,2014-09-15T00:00:00.000,11626,4357.0,7769,3021,31832,24182,40867,56014,10790,
373,2075,16690,24162,2014-09-16T00:00:00.000,11627,4360.0,7790,3032,31872,24162,40852,56034,10822,
374,2084,16679,24118,2014-09-17T00:00:00.000,11615,4380.0,7815,3025,31899,24118,40797,56017,10840,
375,2091,16733,24187,2014-09-18T00:00:00.000,11654,4394.0,7764,3034,31925,24187,40920,56112,10798,
376,2088,16739,24216,2014-09-19T00:00:00.000,11667,4387.0,7768,3035,31929,24216,40955,56145,10803,
377,2089,16735,24195,2014-09-20T00:00:00.000,11660,4393.0,7763,3022,31913,24195,40930,56108,10785,
378,2099,16770,24257,2014-09-21T00:00:00.000,11688,4412.0,7816,3033,32031,24257,41027,56288,10849,
379,2100,16788,24282,2014-09-22T00:00:00.000,11698,4415.0,7818,3045,32066,24282,41070,56348,10863,
380,2095,16746,24214,2014-09-23T00:00:00.000,11669,4404.0,7807,3048,32005,24214,40960,56219,10855,
381,2091,16752,24237,2014-09-24T00:00:00.000,11675,4394.0,7841,3061,32048,24237,40989,56285,10902,
382,2080,16762,24250,2014-09-25T00:00:00.000,11686,4371.0,7801,3036,31970,24250,41012,56220,10837,
383,2087,16772,24274,2014-09-26T00:00:00.000,11700,4383.0,7696,3018,31869,24274,41046,56143,10714,
384,2088,16784,24267,2014-09-27T00:00:00.000,11710,4384.0,7739,3016,31923,24267,41051,56190,10755,
385,2092,16822,24310,2014-09-28T00:00:00.000,11738,4394.0,7800,3047,32063,24310,41132,56373,10847,
386,2079,16837,24326,2014-10-03T00:00:00.000,11742,4369.0,7724,3018,31948,24326,41163,56274,10742,
387,2081,16848,24345,2014-10-04T00:00:00.000,11747,4373.0,7740,3023,31984,24345,41193,56329,10763,
388,2087,16930,24460,2014-10-05T00:00:00.000,11807,4384.0,7855,3047,32216,24460,41390,56676,10902,
389,2099,16960,24515,2014-10-10T00:00:00.000,11823,4409.0,7764,3053,32186,24515,41475,56701,10817,
390,2101,16957,24513,2014-10-11T00:00:00.000,11821,4414.0,7824,3041,32236,24513,41470,56749,10865,
391,2107,16989,24583,2014-10-12T00:00:00.000,11856,4427.0,7871,3064,32351,24583,41572,56934,10935,
392,2110,17007,24626,2014-10-15T00:00:00.000,11866,4432.0,7921,3074,32434,24626,41633,57060,10995,
393,2113,16989,24603,2014-10-16T00:00:00.000,11861,4442.0,7877,3081,32389,24603,41592,56992,10958,
394,2116,17021,24649,2014-10-17T00:00:00.000,11884,4447.0,7825,3051,32344,24649,41670,56993,10876,
395,2114,17074,24713,2014-10-18T00:00:00.000,11923,4442.0,7828,3058,32402,24713,41787,57115,10886,
396,2120,17103,24761,2014-10-19T00:00:00.000,11943,4455.0,7928,3081,32567,24761,41864,57328,11009,
397,2120,17100,24763,2014-10-20T00:00:00.000,11938,4455.0,7941,3084,32580,24763,41863,57343,11025,
398,2111,17087,24755,2014-10-21T00:00:00.000,11925,4437.0,7953,3091,32568,24755,41842,57323,11044,
399,2109,17086,24760,2014-10-22T00:00:00.000,11933,4430.0,8014,3100,32630,24760,41846,57390,11114,
400,2101,17115,24783,2014-10-23T00:00:00.000,11948,4420.0,7993,3121,32649,24783,41898,57432,11114,
401,2110,17125,24815,2014-10-24T00:00:00.000,11962,4438.0,7892,3094,32549,24815,41940,57364,10986,
402,2098,17131,24827,2014-10-25T00:00:00.000,11969,4417.0,7878,3090,32516,24827,41958,57343,10968,
403,2102,17163,24871,2014-10-26T00:00:00.000,12000,4426.0,7974,3114,32677,24871,42034,57548,11088,
404,2106,17152,24839,2014-10-27T00:00:00.000,11986,4436.0,7940,3123,32651,24839,41991,57490,11063,
405,2104,17140,24822,2014-10-28T00:00:00.000,11966,4432.0,7948,3138,32658,24822,41962,57480,11086,
406,2100,17166,24868,2014-10-29T00:00:00.000,11992,4424.0,7958,3124,32672,24868,42034,57540,11082,
407,2102,17192,24924,2014-10-30T00:00:00.000,12013,4434.0,7917,3119,32662,24924,42116,57586,11036,
408,2105,17213,24946,2014-10-31T00:00:00.000,12031,4439.0,7852,3080,32584,24946,42159,57530,10932,
409,2104,17203,24928,2014-11-01T00:00:00.000,12024,4438.0,7886,3096,32623,24928,42131,57551,10982,
410,2099,17214,24932,2014-11-02T00:00:00.000,12024,4428.0,7961,3110,32713,24932,42146,57645,11071,
411,2107,17221,24925,2014-11-03T00:00:00.000,12027,4444.0,7976,3099,32740,24925,42146,57665,11075,
412,2115,17256,24936,2014-11-04T00:00:00.000,12055,4461.0,7975,3101,32793,24936,42192,57729,11076,
413,2108,17235,24897,2014-11-05T00:00:00.000,12031,4447.0,7963,3104,32749,24897,42132,57646,11067,
414,2111,17242,24907,2014-11-06T00:00:00.000,12051,4454.0,7939,3106,32741,24907,42149,57648,11045,
415,2119,17233,24946,2014-11-07T00:00:00.000,12048,4473.0,7932,3092,32730,24946,42179,57676,11024,
416,2129,17314,25065,2014-11-08T00:00:00.000,12105,4493.0,7926,3080,32813,25065,42379,57878,11006,
417,2139,17343,25087,2014-11-09T00:00:00.000,12126,4515.0,7986,3123,32967,25087,42430,58054,11109,
418,2138,17327,25074,2014-11-10T00:00:00.000,12108,4511.0,7999,3121,32958,25074,42401,58032,11120,
419,2135,17341,25087,2014-11-11T00:00:00.000,12112,4505.0,8005,3122,32973,25087,42428,58060,11127,
420,2140,17374,25113,2014-11-12T00:00:00.000,12135,4518.0,8000,3138,33030,25113,42487,58143,11138,
421,2129,17378,25116,2014-11-13T00:00:00.000,12135,4494.0,8050,3136,33058,25116,42494,58174,11186,
422,2129,17395,25136,2014-11-14T00:00:00.000,12145,4493.0,7994,3121,33003,25136,42531,58139,11115,
423,2127,17433,25189,2014-11-15T00:00:00.000,12172,4489.0,8017,3130,33069,25189,42622,58258,11147,
424,2130,17443,25189,2014-11-16T00:00:00.000,12179,4493.0,8061,3140,33137,25189,42632,58326,11201,
425,2138,17436,25162,2014-11-17T00:00:00.000,12171,4510.0,8072,3171,33189,25162,42598,58351,11243,
426,2134,17422,25153,2014-11-18T00:00:00.000,12166,4502.0,8100,3177,33201,25153,42575,58354,11277,
427,2153,17452,25181,2014-11-19T00:00:00.000,12190,4539.0,8123,3182,33296,25181,42633,58477,11305,
428,2144,17501,25249,2014-11-20T00:00:00.000,12228,4518.0,8110,3184,33313,25249,42750,58562,11294,
429,2133,17524,25259,2014-11-21T00:00:00.000,12241,4493.0,8061,3195,33273,25259,42783,58532,11256,
430,2134,17532,25229,2014-11-22T00:00:00.000,12252,4497.0,8042,3191,33262,25229,42761,58491,11233,
431,2117,17523,25228,2014-11-23T00:00:00.000,12247,4464.0,8067,3187,33241,25228,42751,58469,11254,
432,2124,17535,25240,2014-11-24T00:00:00.000,12248,4477.0,8072,3180,33264,25240,42775,58504,11252,
433,2133,17524,25259,2014-11-21T00:00:00.000,12241,4493.0,8061,3195,33273,25259,42783,58532,11256,
434,2134,17532,25229,2014-11-22T00:00:00.000,12252,4497.0,8042,3191,33262,25229,42761,58491,11233,
435,2117,17523,25228,2014-11-23T00:00:00.000,12247,4464.0,8067,3187,33241,25228,42751,58469,11254,
436,2123,17535,25250,2014-11-25T00:00:00.000,12250,4475.0,8108,3157,33275,25250,42785,58525,11265,
437,2129,17518,25237,2014-11-26T00:00:00.000,12242,4488.0,8096,3154,33256,25237,42755,58493,11250,
438,2144,17530,25266,2014-11-27T00:00:00.000,12254,4521.0,8001,3139,33191,25266,42796,58457,11140,
439,2136,17548,25284,2014-11-28T00:00:00.000,12266,4506.0,8055,3142,33251,25284,42832,58535,11197,
440,2145,17521,25258,2014-11-29T00:00:00.000,12247,4524.0,8062,3156,33263,25258,42779,58521,11218,
441,2140,17522,25253,2014-11-30T00:00:00.000,12243,4514.0,8095,3171,33302,25253,42775,58555,11266,
442,2142,17496,25210,2014-12-01T00:00:00.000,12216,4516.0,8098,3164,33274,25210,42706,58484,11262,
443,2136,17497,25213,2014-12-02T00:00:00.000,12219,4504.0,8108,3184,33293,25213,42710,58506,11292,
444,2141,17550,25288,2014-12-03T00:00:00.000,12252,4512.0,8128,3174,33364,25288,42838,58652,11302,
445,2138,17587,25358,2014-12-04T00:00:00.000,12279,4501.0,8121,3174,33383,25358,42945,58741,11295,
446,2137,17607,25358,2014-12-05T00:00:00.000,12290,4501.0,8078,3162,33348,25358,42965,58706,11240,
447,2145,17594,25341,2014-12-06T00:00:00.000,12284,4517.0,8086,3162,33359,25341,42935,58700,11248,
448,2144,17633,25396,2014-12-07T00:00:00.000,12313,4516.0,8139,3169,33457,25396,43029,58853,11308,
449,2149,17639,25390,2014-12-08T00:00:00.000,12313,4526.0,8156,3187,33508,25390,43029,58898,11343,
450,2149,17657,25405,2014-12-09T00:00:00.000,12332,4528.0,8159,3190,33534,25405,43062,58939,11349,
451,2146,17658,25431,2014-12-10T00:00:00.000,12339,4522.0,8142,3192,33514,25431,43089,58945,11334,
452,2152,17663,25441,2014-12-11T00:00:00.000,12339,4530.0,8139,3186,33518,25441,43104,58959,11325,
453,2145,17690,25463,2014-12-12T00:00:00.000,12350,4518.0,8083,3161,33452,25463,43153,58915,11244,
454,2129,17694,25463,2014-12-13T00:00:00.000,12351,4484.0,8064,3165,33407,25463,43157,58870,11229,
455,2130,17718,25490,2014-12-14T00:00:00.000,12368,4487.0,8143,3181,33529,25490,43208,59019,11324,
456,2137,17696,25442,2014-12-15T00:00:00.000,12345,4502.0,8207,3185,33590,25442,43138,59032,11392,
457,2126,17674,25409,2014-12-16T00:00:00.000,12320,4481.0,8200,3195,33550,25409,43083,58959,11395,
458,2129,17722,25469,2014-12-17T00:00:00.000,12349,4487.0,8218,3172,33599,25469,43191,59068,11390,
459,2124,17733,25447,2014-12-18T00:00:00.000,12353,4477.0,8212,3181,33603,25447,43180,59050,11393,
460,2123,17704,25417,2014-12-19T00:00:00.000,12341,4473.0,8183,3152,33512,25417,43121,58929,11335,
461,2128,17676,25365,2014-12-20T00:00:00.000,12322,4483.0,8155,3141,33455,25365,43041,58820,11296,
462,2136,17695,25383,2014-12-21T00:00:00.000,12333,4500.0,8209,3157,33561,25383,43078,58944,11366,
463,2135,17680,25376,2014-12-22T00:00:00.000,12316,4500.0,8204,3153,33537,25376,43056,58913,11357,
464,2125,17637,25300,2014-12-23T00:00:00.000,12283,4481.0,8180,3138,33436,25300,42937,58736,11318,
465,2122,17590,25239,2014-12-24T00:00:00.000,12245,4472.0,8090,3108,33260,25239,42829,58499,11198,
466,2124,17589,25235,2014-12-25T00:00:00.000,12243,4477.0,8125,3123,33314,25235,42824,58549,11248,
467,2130,17597,25233,2014-12-26T00:00:00.000,12248,4486.0,8147,3123,33353,25233,42830,58586,11270,
468,2127,17574,25193,2014-12-27T00:00:00.000,12229,4481.0,8139,3117,33311,25193,42767,58504,11256,
469,2123,17559,25162,2014-12-28T00:00:00.000,12216,4473.0,8190,3132,33354,25162,42721,58516,11322,
470,2124,17526,25138,2014-12-29T00:00:00.000,12191,4478.0,8235,3164,33403,25138,42664,58541,11399,
471,2123,17472,25048,2014-12-30T00:00:00.000,12146,4472.0,8184,3134,33262,25048,42520,58310,11318,
472,2128,17457,25004,2014-12-31T00:00:00.000,12137,4480.0,7936,3064,32937,25004,42461,57941,11000,
473,2127,17443,24981,2015-01-01T00:00:00.000,12134,4479.0,8143,3096,33161,24981,42424,58142,11239,
474,2116,17469,25018,2015-01-02T00:00:00.000,12148,4457.0,8136,3100,33162,25018,42487,58180,11236,
475,2118,17454,25011,2015-01-03T00:00:00.000,12135,4460.0,8148,3099,33161,25011,42465,58172,11247,
476,2124,17469,25027,2015-01-04T00:00:00.000,12149,4474.0,8218,3142,33303,25027,42496,58330,11360,
477,2132,17459,25015,2015-01-05T00:00:00.000,12135,4490.0,8237,3168,33354,25015,42474,58369,11405,
478,2132,17433,24978,2015-01-06T00:00:00.000,12120,4490.0,8276,3175,33374,24978,42411,58352,11451,
479,2145,17473,25010,2015-01-07T00:00:00.000,12145,4517.0,8304,3170,33464,25010,42483,58474,11474,
480,2153,17511,25034,2015-01-08T00:00:00.000,12173,4533.0,8288,3185,33517,25034,42545,58551,11473,
481,2163,17493,25013,2015-01-09T00:00:00.000,12162,4556.0,8202,3164,33415,25013,42506,58428,11366,
482,2169,17493,25003,2015-01-10T00:00:00.000,12158,4567.0,8259,3165,33484,25003,42496,58487,11424,
483,2170,17510,25014,2015-01-11T00:00:00.000,12166,4570.0,8312,3177,33569,25014,42524,58583,11489,
484,2171,17525,25034,2015-01-12T00:00:00.000,12175,4571.0,8332,3181,33609,25034,42559,58643,11513,
485,2171,17492,25013,2015-01-13T00:00:00.000,12161,4575.0,8360,3188,33615,25013,42505,58628,11548,
486,2174,17506,25004,2015-01-14T00:00:00.000,12167,4582.0,8360,3188,33636,25004,42510,58640,11548,
487,2181,17511,25021,2015-01-15T00:00:00.000,12168,4597.0,8356,3182,33646,25021,42532,58667,11538,
488,2172,17507,25003,2015-01-16T00:00:00.000,12163,4578.0,8356,3180,33621,25003,42510,58624,11536,
489,2166,17491,24982,2015-01-17T00:00:00.000,12151,4566.0,8332,3149,33538,24982,42473,58520,11481,
490,2167,17529,25014,2015-01-18T00:00:00.000,12179,4571.0,8378,3152,33630,25014,42543,58644,11530,
491,2168,17533,25004,2015-01-19T00:00:00.000,12179,4573.0,8408,3173,33687,25004,42537,58691,11581,
492,2171,17507,24998,2015-01-20T00:00:00.000,12163,4580.0,8458,3171,33716,24998,42505,58714,11629,
493,2169,17473,24959,2015-01-21T00:00:00.000,12141,4575.0,8449,3189,33686,24959,42432,58645,11638,
494,2168,17473,24944,2015-01-22T00:00:00.000,12143,4572.0,8478,3188,33711,24944,42417,58655,11666,
495,2165,17466,24934,2015-01-23T00:00:00.000,12141,4562.0,8425,3158,33611,24934,42400,58545,11583,
496,2166,17435,24877,2015-01-24T00:00:00.000,12122,4564.0,8428,3168,33595,24877,42312,58472,11596,
497,2172,17465,24919,2015-01-25T00:00:00.000,12141,4576.0,8478,3189,33708,24919,42384,58627,11667,
498,2162,17442,24890,2015-01-26T00:00:00.000,12120,4555.0,8525,3190,33712,24890,42332,58602,11715,
499,2169,17486,24951,2015-01-27T00:00:00.000,12151,4568.0,8538,3189,33781,24951,42437,58732,11727,
500,2173,17473,24949,2015-01-28T00:00:00.000,12138,4574.0,8541,3186,33774,24949,42422,58723,11727,
501,2162,17437,24915,2015-01-29T00:00:00.000,12118,4549.0,8518,3195,33699,24915,42352,58614,11713,
502,2162,17437,24915,2015-01-29T00:00:00.000,12118,4549.0,8518,3195,33699,24915,42352,58614,11713,
503,2169,17439,24904,2015-01-30T00:00:00.000,12114,4564.0,8440,3159,33602,24904,42343,58506,11599,
504,2163,17406,24844,2015-01-31T00:00:00.000,12084,4550.0,8459,3154,33569,24844,42250,58413,11613,
505,2172,17417,24840,2015-02-01T00:00:00.000,12088,4568.0,8476,3178,33639,24840,42257,58479,11654,
506,2187,17433,24835,2015-02-02T00:00:00.000,12088,4598.0,8535,3186,33752,24835,42268,58587,11721,
507,2171,17364,24720,2015-02-05T00:00:00.000,12034,4563.0,8526,3177,33630,24720,42084,58350,11703,
508,2176,17369,24725,2015-02-06T00:00:00.000,12036,4574.0,8512,3166,33621,24725,42094,58346,11678,
509,2167,17366,24720,2015-02-07T00:00:00.000,12032,4558.0,8455,3163,33542,24720,42086,58262,11618,
510,2173,17384,24739,2015-02-08T00:00:00.000,12045,4570.0,8562,3174,33690,24739,42123,58429,11736,
511,2166,17332,24667,2015-02-10T00:00:00.000,12001,4559.0,8581,3190,33662,24667,41999,58329,11771,
512,2174,17317,24620,2015-02-11T00:00:00.000,11991,4576.0,8588,3187,33668,24620,41937,58288,11775,
513,2169,17305,24588,2015-02-12T00:00:00.000,11972,4565.0,8618,3191,33679,24588,41893,58267,11809,
514,2174,17308,24573,2015-02-13T00:00:00.000,11973,4576.0,8589,3184,33657,24573,41881,58230,11773,
515,2176,17298,24537,2015-02-14T00:00:00.000,11967,4580.0,8522,3152,33552,24537,41835,58089,11674,
516,2181,17301,24548,2015-02-15T00:00:00.000,11970,4590.0,8603,3168,33662,24548,41849,58210,11771,
517,2189,17311,24552,2015-02-16T00:00:00.000,11982,4606.0,8638,3185,33740,24552,41863,58292,11823,
518,2189,17311,24552,2015-02-16T00:00:00.000,11982,4606.0,8638,3185,33740,24552,41863,58292,11823,
519,2184,17325,24574,2015-02-17T00:00:00.000,11992,4598.0,8648,3199,33770,24574,41899,58344,11847,
520,2184,17275,24524,2015-02-18T00:00:00.000,11958,4599.0,8672,3214,33760,24524,41799,58284,11886,
521,2181,17278,24537,2015-02-19T00:00:00.000,11960,4592.0,8651,3211,33732,24537,41815,58269,11862,
522,2178,17256,24519,2015-02-20T00:00:00.000,11959,4585.0,8657,3194,33692,24519,41775,58211,11851,
523,2165,17258,24510,2015-02-21T00:00:00.000,11955,4560.0,8605,3171,33594,24510,41768,58104,11776,
524,2166,17257,24504,2015-02-22T00:00:00.000,11953,4560.0,8643,3192,33652,24504,41761,58156,11835,
525,2168,17216,24486,2015-02-23T00:00:00.000,11929,4565.0,8678,3197,33656,24486,41702,58142,11875,
526,2172,17169,24435,2015-02-24T00:00:00.000,11902,4573.0,8692,3204,33638,24435,41604,58073,11896,
527,2167,17178,24438,2015-02-25T00:00:00.000,11900,4563.0,8695,3209,33645,24438,41616,58083,11904,
528,2153,17174,24414,2015-02-26T00:00:00.000,11897,4537.0,8641,3209,33561,24414,41588,57975,11850,
529,2160,17186,24421,2015-02-27T00:00:00.000,11910,4551.0,8590,3179,33506,24421,41607,57927,11769,
530,2156,17161,24342,2015-02-28T00:00:00.000,11892,4543.0,8631,3162,33497,24342,41503,57839,11793,
531,2164,17184,24370,2015-03-01T00:00:00.000,11911,4555.0,8665,3187,33591,24370,41554,57961,11852,
532,2168,17186,24361,2015-03-02T00:00:00.000,11900,4566.0,8656,3194,33602,24361,41547,57963,11850,
533,2159,17121,24293,2015-03-03T00:00:00.000,11856,4545.0,8657,3203,33526,24293,41414,57819,11860,
534,2160,17148,24330,2015-03-04T00:00:00.000,11882,4549.0,8682,3200,33579,24330,41478,57909,11882,
535,2163,17148,24311,2015-03-05T00:00:00.000,11869,4552.0,8664,3197,33561,24311,41459,57872,11861,
536,2169,17169,24317,2015-03-06T00:00:00.000,11881,4565.0,8624,3191,33549,24317,41486,57866,11815,
537,2172,17195,24353,2015-03-07T00:00:00.000,11903,4572.0,8612,3179,33558,24353,41548,57911,11791,
538,2167,17199,24369,2015-03-08T00:00:00.000,11906,4562.0,8654,3185,33600,24369,41568,57969,11839,
539,2171,17226,24407,2015-03-09T00:00:00.000,11923,4568.0,8624,3202,33620,24407,41633,58027,11826,
540,2150,17116,24273,2015-03-10T00:00:00.000,11856,4526.0,8661,3207,33510,24273,41389,57783,11868,
541,2160,17146,24275,2015-03-12T00:00:00.000,11874,4545.0,8612,3197,33500,24275,41421,57775,11809,
542,2156,17141,24195,2015-03-16T00:00:00.000,11865,4537.0,8678,3206,33562,24195,41336,57757,11884,
543,2158,17123,24174,2015-03-17T00:00:00.000,11853,4545.0,8666,3210,33544,24174,41297,57718,11876,
544,2162,17108,24152,2015-03-18T00:00:00.000,11850,4552.0,8699,3209,33568,24152,41260,57720,11908,
545,2169,17092,24140,2015-03-19T00:00:00.000,11842,4566.0,8650,3207,33515,24140,41232,57655,11857,
546,2174,17089,24116,2015-03-20T00:00:00.000,11835,4578.0,8634,3207,33508,24116,41205,57624,11841,
547,2172,17084,24092,2015-03-21T00:00:00.000,11829,4573.0,8590,3189,33436,24092,41176,57528,11779,
548,2170,17108,24112,2015-03-22T00:00:00.000,11845,4571.0,8678,3206,33563,24112,41220,57675,11884,
549,2173,17067,24071,2015-03-23T00:00:00.000,11814,4576.0,8687,3221,33551,24071,41138,57622,11908,
550,2170,17038,24016,2015-03-24T00:00:00.000,11801,4567.0,8688,3227,33520,24016,41054,57536,11915,
551,2174,17039,24003,2015-03-25T00:00:00.000,11805,4574.0,8704,3237,33554,24003,41042,57557,11941,
552,2172,17017,23968,2015-03-26T00:00:00.000,11782,4569.0,8672,3179,33437,23968,40985,57405,11851,
553,2167,16982,23919,2015-03-27T00:00:00.000,11762,4558.0,8621,3223,33384,23919,40901,57303,11844,
554,2168,16949,23871,2015-03-28T00:00:00.000,11745,4557.0,8601,3213,33320,23871,40820,57191,11814,
555,2174,16969,23903,2015-03-29T00:00:00.000,11764,4568.0,8661,3229,33427,23903,40872,57330,11890,
556,2171,16973,23905,2015-03-30T00:00:00.000,11762,4562.0,8672,3221,33428,23905,40878,57333,11893,
557,2164,16937,23827,2015-03-31T00:00:00.000,11743,4549.0,8642,3211,33339,23827,40764,57166,11853,
558,2172,16932,23824,2015-04-01T00:00:00.000,11749,4564.0,8600,3169,33265,23824,40756,57089,11769,
559,2170,16935,23820,2015-04-02T00:00:00.000,11756,4561.0,8542,3189,33227,23820,40755,57047,11731,
560,2170,16923,23818,2015-04-03T00:00:00.000,11752,4561.0,8505,3194,33183,23818,40741,57001,11699,
561,2174,16909,23798,2015-04-04T00:00:00.000,11749,4572.0,8567,3188,33236,23798,40707,57034,11755,
562,2170,16954,23843,2015-04-05T00:00:00.000,11777,4563.0,8628,3193,33338,23843,40797,57181,11821,
563,2163,16947,23816,2015-04-06T00:00:00.000,11766,4547.0,8642,3195,33331,23816,40763,57147,11837,
564,2163,16879,23723,2015-04-07T00:00:00.000,11724,4546.0,8675,3202,33302,23723,40602,57025,11877,
565,2167,16896,23747,2015-04-08T00:00:00.000,11738,4556.0,8709,3217,33378,23747,40643,57125,11926,
566,2158,16944,23812,2015-04-09T00:00:00.000,11776,4536.0,8699,3210,33389,23812,40756,57201,11909,
567,2150,16914,23747,2015-04-10T00:00:00.000,11765,4520.0,8643,3190,33267,23747,40661,57014,11833,
568,2141,16908,23733,2015-04-11T00:00:00.000,11758,4500.0,8618,3195,33221,23733,40641,56954,11813,
569,2141,16953,23800,2015-04-12T00:00:00.000,11787,4500.0,8678,3217,33348,23800,40753,57148,11895,
570,2137,16922,23776,2015-04-13T00:00:00.000,11766,4490.0,8708,3229,33349,23776,40698,57125,11937,
571,2149,16960,23824,2015-04-14T00:00:00.000,11789,4517.0,8698,3235,33410,23824,40784,57234,11933,
572,2155,16959,23799,2015-04-15T00:00:00.000,11781,4530.0,8686,3237,33412,23799,40758,57211,11923,
573,2139,16929,23777,2015-04-16T00:00:00.000,11767,4492.0,8661,3239,33321,23777,40706,57098,11900,
574,2146,16892,23711,2015-04-17T00:00:00.000,11745,4504.0,8584,3220,33200,23711,40603,56911,11804,
575,2137,16861,23655,2015-04-18T00:00:00.000,11728,4483.0,8537,3191,33072,23655,40516,56727,11728,
576,2139,16877,23686,2015-04-19T00:00:00.000,11745,4487.0,8658,3203,33225,23686,40563,56911,11861,
577,2146,16883,23681,2015-04-21T00:00:00.000,11737,4503.0,8681,3224,33291,23681,40564,56972,11905,
578,2146,16843,23597,2015-04-22T00:00:00.000,11716,4504.0,8697,3239,33283,23597,40440,56880,11936,
579,2147,16864,23621,2015-04-23T00:00:00.000,11736,4508.0,8679,3249,33300,23621,40485,56921,11928,
580,2146,16867,23602,2015-04-24T00:00:00.000,11728,4505.0,8628,3222,33222,23602,40469,56824,11850,
581,2142,16875,23613,2015-04-25T00:00:00.000,11732,4497.0,8581,3230,33183,23613,40488,56796,11811,
582,2137,16900,23650,2015-04-26T00:00:00.000,11749,4487.0,8635,3235,33257,23650,40550,56907,11870,
583,2131,16876,23617,2015-04-27T00:00:00.000,11730,4476.0,8645,3262,33259,23617,40493,56876,11907,
584,2134,16873,23608,2015-04-28T00:00:00.000,11729,4482.0,8627,3257,33239,23608,40481,56847,11884,
585,2125,16873,23614,2015-04-29T00:00:00.000,11735,4463.0,8643,3261,33240,23614,40487,56854,11904,
586,2127,16877,23609,2015-04-30T00:00:00.000,11733,4469.0,8621,3234,33201,23609,40486,56810,11855,
587,2126,16863,23596,2015-05-01T00:00:00.000,11737,4467.0,8429,3200,32959,23596,40459,56555,11629,
588,2128,16825,23561,2015-05-02T00:00:00.000,11712,4473.0,8371,3197,32866,23561,40386,56427,11568,
589,2126,16843,23595,2015-05-03T00:00:00.000,11729,4471.0,8546,3215,33075,23595,40438,56670,11761,
590,2139,16815,23545,2015-05-04T00:00:00.000,11702,4498.0,8561,3221,33095,23545,40360,56640,11782,
591,2142,16800,23522,2015-05-05T00:00:00.000,11689,4506.0,8567,3207,33080,23522,40322,56602,11774,
592,2151,16825,23565,2015-05-06T00:00:00.000,11705,4522.0,8612,3231,33190,23565,40390,56755,11843,
593,2141,16869,23593,2015-05-07T00:00:00.000,11735,4502.0,8579,3225,33175,23593,40462,56768,11804,
594,2145,16877,23595,2015-05-08T00:00:00.000,11743,4508.0,8520,3201,33106,23595,40472,56701,11721,
595,2145,16837,23538,2015-05-09T00:00:00.000,11715,4510.0,8540,3206,33093,23538,40375,56631,11746,
596,2148,16844,23546,2015-05-10T00:00:00.000,11714,4516.0,8555,3209,33124,23546,40390,56670,11764,
597,2152,16833,23532,2015-05-11T00:00:00.000,11704,4522.0,8606,3230,33191,23532,40365,56723,11836,
598,2147,16777,23469,2015-05-12T00:00:00.000,11680,4508.0,8587,3242,33114,23469,40246,56583,11829,
599,2149,16824,23499,2015-05-13T00:00:00.000,11714,4510.0,8638,3243,33215,23499,40323,56714,11881,
600,2143,16849,23524,2015-05-14T00:00:00.000,11731,4501.0,8622,3238,33210,23524,40373,56734,11860,
601,2148,16849,23468,2015-05-18T00:00:00.000,11725,4513.0,8643,3256,33261,23468,40317,56729,11899,
602,2145,16833,23467,2015-05-19T00:00:00.000,11713,4505.0,8601,3249,33188,23467,40300,56655,11850,
603,2157,16872,23499,2015-05-20T00:00:00.000,11739,4529.0,8658,3251,33310,23499,40371,56809,11909,
604,2149,16884,23517,2015-05-21T00:00:00.000,11755,4513.0,8672,3254,33323,23517,40401,56840,11926,
605,2160,16842,23461,2015-05-22T00:00:00.000,11731,4538.0,8584,3226,33190,23461,40303,56651,11810,
606,2157,16858,23482,2015-05-23T00:00:00.000,11743,4532.0,8590,3218,33198,23482,40340,56680,11808,
607,2155,16826,23433,2015-05-25T00:00:00.000,11727,4528.0,8630,3205,33189,23433,40259,56622,11835,
608,2152,16808,23408,2015-05-26T00:00:00.000,11712,4520.0,8647,3228,33203,23408,40216,56611,11875,
609,2151,16763,23337,2015-05-27T00:00:00.000,11683,4519.0,8681,3239,33202,23337,40100,56539,11920,
610,2141,16766,23331,2015-05-28T00:00:00.000,11689,4499.0,8681,3250,33196,23331,40097,56527,11931,
611,2144,16783,23365,2015-05-29T00:00:00.000,11711,4504.0,8598,3237,33122,23365,40148,56487,11835,
612,2149,16767,23314,2015-05-30T00:00:00.000,11697,4511.0,8538,3222,33038,23314,40081,56352,11760,
613,2152,16761,23317,2015-05-31T00:00:00.000,11698,4517.0,8618,3227,33123,23317,40078,56440,11845,
614,2149,16778,23349,2015-06-01T00:00:00.000,11703,4512.0,8671,3252,33213,23349,40127,56562,11923,
615,2147,16735,23279,2015-06-02T00:00:00.000,11673,4507.0,8681,3246,33169,23279,40014,56448,11927,
616,2149,16760,23304,2015-06-03T00:00:00.000,11694,4512.0,8680,3250,33202,23304,40064,56506,11930,
617,2149,16779,23325,2015-06-04T00:00:00.000,11715,4516.0,8625,3251,33171,23325,40104,56496,11876,
618,2144,16749,23286,2015-06-05T00:00:00.000,11702,4507.0,8627,3241,33124,23286,40035,56410,11868,
619,2145,16748,23290,2015-06-06T00:00:00.000,11706,4506.0,8566,3245,33065,23290,40038,56355,11811,
620,2136,16743,23284,2015-06-07T00:00:00.000,11710,4486.0,8610,3255,33094,23284,40027,56378,11865,
621,2134,16739,23298,2015-06-08T00:00:00.000,11707,4486.0,8648,3264,33137,23298,40037,56435,11912,
622,2133,16726,23266,2015-06-09T00:00:00.000,11693,4484.0,8612,3274,33096,23266,39992,56362,11886,
623,2138,16694,23233,2015-06-10T00:00:00.000,11689,4494.0,8665,3275,33128,23233,39927,56361,11940,
624,2144,16709,23237,2015-06-11T00:00:00.000,11702,4506.0,8592,3270,33077,23237,39946,56314,11862,
625,2144,16699,23234,2015-06-12T00:00:00.000,11701,4505.0,8568,3256,33028,23234,39933,56262,11824,
626,2138,16657,23162,2015-06-13T00:00:00.000,11668,4493.0,8564,3267,32981,23162,39819,56143,11831,
627,2137,16668,23172,2015-06-14T00:00:00.000,11676,4493.0,8620,3277,33058,23172,39840,56230,11897,
628,2137,16675,23187,2015-06-15T00:00:00.000,11669,4490.0,8684,3286,33135,23187,39862,56322,11970,
629,2125,16637,23138,2015-06-16T00:00:00.000,11644,4464.0,8688,3292,33081,23138,39775,56219,11980,
630,2119,16641,23117,2015-06-17T00:00:00.000,11653,4454.0,8677,3297,33069,23117,39758,56186,11974,
631,2123,16641,23100,2015-06-18T00:00:00.000,11656,4461.0,8674,3286,33062,23100,39741,56162,11960,
632,2128,16631,23090,2015-06-19T00:00:00.000,11653,4469.0,8599,3281,32980,23090,39721,56070,11880,
633,2126,16614,23077,2015-06-20T00:00:00.000,11643,4467.0,8627,3292,33000,23077,39691,56077,11919,
634,2126,16635,23117,2015-06-21T00:00:00.000,11662,4466.0,8633,3292,33026,23117,39752,56143,11925,
635,2135,16624,23084,2015-06-22T00:00:00.000,11653,4484.0,8674,3301,33083,23084,39708,56167,11975,
636,2134,16595,23042,2015-06-23T00:00:00.000,11628,4481.0,8705,3314,33095,23042,39637,56137,12019,
637,2127,16608,23061,2015-06-24T00:00:00.000,11635,4466.0,8705,3318,33097,23061,39669,56158,12023,
638,2130,16584,23050,2015-06-25T00:00:00.000,11619,4471.0,8684,3309,33048,23050,39634,56098,11993,
639,2128,16559,22994,2015-06-26T00:00:00.000,11594,4468.0,8623,3305,32955,22994,39553,55949,11928,
640,2129,16541,22952,2015-06-27T00:00:00.000,11587,4471.0,8666,3302,32980,22952,39493,55932,11968,
641,2136,16551,22963,2015-06-28T00:00:00.000,11599,4482.0,8671,3310,33014,22963,39514,55977,11981,
642,2135,16532,22934,2015-06-29T00:00:00.000,11579,4481.0,8679,3315,33007,22934,39466,55941,11994,
643,2135,16532,22934,2015-06-29T00:00:00.000,11579,4481.0,8679,3315,33007,22934,39466,55941,11994,
644,2127,16525,22907,2015-06-30T00:00:00.000,11574,4467.0,8678,3312,32982,22907,39432,55889,11990,
645,2126,16542,22916,2015-07-02T00:00:00.000,11597,4462.0,8593,3296,32893,22916,39458,55809,11889,
646,2127,16529,22875,2015-07-03T00:00:00.000,11586,4460.0,8558,3280,32827,22875,39404,55702,11838,
647,2131,16566,22914,2015-07-04T00:00:00.000,11607,4466.0,8495,3263,32790,22914,39480,55704,11758,
648,2127,16551,22903,2015-07-05T00:00:00.000,11602,4458.0,8591,3301,32901,22903,39454,55804,11892,
649,2132,16542,22887,2015-07-06T00:00:00.000,11595,4468.0,8625,3312,32947,22887,39429,55834,11937,
650,2129,16533,22866,2015-07-07T00:00:00.000,11581,4462.0,8637,3323,32955,22866,39399,55821,11960,
651,2138,16553,22872,2015-07-08T00:00:00.000,11592,4484.0,8657,3330,33024,22872,39425,55896,11987,
652,2135,16568,22871,2015-07-09T00:00:00.000,11603,4477.0,8665,3332,33042,22871,39439,55913,11997,
653,2129,16572,22864,2015-07-10T00:00:00.000,11610,4462.0,8603,3336,32973,22864,39436,55837,11939,
654,2129,16551,22850,2015-07-11T00:00:00.000,11606,4461.0,8573,3329,32914,22850,39401,55764,11902,
655,2126,16585,22899,2015-07-12T00:00:00.000,11635,4455.0,8619,3333,32992,22899,39484,55891,11952,
656,2137,16607,22916,2015-07-13T00:00:00.000,11639,4479.0,8665,3330,33081,22916,39523,55997,11995,
657,2132,16584,22928,2015-07-14T00:00:00.000,11627,4470.0,8661,3336,33051,22928,39512,55979,11997,
658,2134,16616,22969,2015-07-15T00:00:00.000,11656,4473.0,8690,3343,33122,22969,39585,56091,12033,
659,2129,16655,23080,2015-07-16T00:00:00.000,11689,4466.0,8682,3344,33147,23080,39735,56227,12026,
660,2129,16642,23065,2015-07-17T00:00:00.000,11677,4467.0,8590,3369,33068,23065,39707,56133,11959,
661,2128,16582,22977,2015-07-18T00:00:00.000,11631,4464.0,8568,3347,32961,22977,39559,55938,11915,
662,2131,16620,23032,2015-07-19T00:00:00.000,11654,4470.0,8596,3353,33039,23032,39652,56071,11949,
663,2127,16580,23005,2015-07-20T00:00:00.000,11627,4462.0,8663,3375,33080,23005,39585,56085,12038,
664,2118,16581,22987,2015-07-21T00:00:00.000,11627,4444.0,8683,3378,33086,22987,39568,56073,12061,
665,2111,16596,22990,2015-07-22T00:00:00.000,11639,4429.0,8676,3378,33079,22990,39586,56069,12054,
666,2112,16595,22948,2015-07-23T00:00:00.000,11634,4429.0,8635,3378,33037,22948,39543,55985,12013,
667,2101,16599,22962,2015-07-24T00:00:00.000,11633,4406.0,8570,3378,32953,22962,39561,55915,11948,
668,2089,16616,22984,2015-07-25T00:00:00.000,11648,4380.0,8574,3372,32942,22984,39600,55926,11946,
669,2088,16641,23032,2015-07-26T00:00:00.000,11662,4379.0,8623,3377,33020,23032,39673,56052,12000,
670,2094,16641,23036,2015-07-27T00:00:00.000,11665,4389.0,8654,3380,33064,23036,39677,56100,12034,
671,2093,16617,22996,2015-07-28T00:00:00.000,11640,4386.0,8653,3391,33047,22996,39613,56043,12044,
672,2104,16647,23039,2015-07-29T00:00:00.000,11660,4413.0,8678,3397,33135,23039,39686,56174,12075,
673,2107,16653,23038,2015-07-30T00:00:00.000,11665,4417.0,8659,3403,33132,23038,39691,56170,12062,
674,2114,16597,22981,2015-07-31T00:00:00.000,11633,4433.0,8594,3360,32984,22981,39578,55965,11954,
675,2115,16621,22999,2015-08-01T00:00:00.000,11648,4437.0,8546,3346,32950,22999,39620,55949,11892,
676,2115,16676,23057,2015-08-02T00:00:00.000,11680,4438.0,8587,3377,33078,23057,39733,56135,11964,
677,2125,16697,23092,2015-08-03T00:00:00.000,11688,4457.0,8643,3395,33192,23092,39789,56284,12038,
678,2125,16697,23092,2015-08-03T00:00:00.000,11688,4457.0,8643,3395,33192,23092,39789,56284,12038,
679,2115,16655,23016,2015-08-04T00:00:00.000,11671,4439.0,8627,3396,33117,23016,39671,56133,12023,
680,2106,16679,23045,2015-08-05T00:00:00.000,11705,4423.0,8698,3397,33197,23045,39724,56242,12095,
681,2110,16654,23021,2015-08-06T00:00:00.000,11694,4432.0,8669,3397,33152,23021,39675,56173,12066,
682,2111,16685,23040,2015-08-07T00:00:00.000,11718,4435.0,8567,3384,33071,23040,39725,56111,11951,
683,2114,16643,22997,2015-08-08T00:00:00.000,11693,4442.0,8557,3390,33032,22997,39640,56029,11947,
684,2114,16668,23043,2015-08-09T00:00:00.000,11713,4444.0,8664,3407,33183,23043,39711,56226,12071,
685,2128,16711,23123,2015-08-10T00:00:00.000,11746,4471.0,8705,3411,33298,23123,39834,56421,12116,
686,2126,16703,23112,2015-08-11T00:00:00.000,11732,4467.0,8693,3432,33295,23112,39815,56407,12125,
687,2130,16712,23152,2015-08-12T00:00:00.000,11735,4476.0,8695,3450,33333,23152,39864,56485,12145,
688,2137,16734,23176,2015-08-13T00:00:00.000,11741,4489.0,8685,3460,33368,23176,39910,56544,12145,
689,2135,16775,23260,2015-08-14T00:00:00.000,11776,4484.0,8628,3450,33337,23260,40035,56597,12078,
690,2129,16750,23248,2015-08-15T00:00:00.000,11772,4472.0,8607,3416,33245,23248,39998,56493,12023,
691,2132,16758,23245,2015-08-16T00:00:00.000,11774,4479.0,8667,3444,33348,23245,40003,56593,12111,
692,2132,16732,23219,2015-08-17T00:00:00.000,11754,4479.0,8688,3446,33345,23219,39951,56564,12134,
693,2127,16670,23155,2015-08-18T00:00:00.000,11713,4466.0,8715,3438,33289,23155,39825,56444,12153,
694,2136,16734,23262,2015-08-19T00:00:00.000,11772,4482.0,8688,3462,33366,23262,39996,56628,12150,
695,2130,16771,23299,2015-08-20T00:00:00.000,11792,4469.0,8664,3470,33374,23299,40070,56673,12134,
696,2127,16778,23317,2015-08-21T00:00:00.000,11794,4460.0,8617,3457,33312,23317,40095,56629,12074,
697,2127,16788,23314,2015-08-22T00:00:00.000,11796,4459.0,8567,3444,33258,23314,40102,56572,12011,
698,2127,16798,23316,2015-08-23T00:00:00.000,11809,4458.0,8669,3449,33374,23316,40114,56690,12118,
699,2131,16811,23305,2015-08-24T00:00:00.000,11802,4466.0,8691,3468,33436,23305,40116,56741,12159,
700,2126,16812,23303,2015-08-25T00:00:00.000,11799,4453.0,8678,3467,33410,23303,40115,56713,12145,
701,2131,16784,23294,2015-08-26T00:00:00.000,11790,4460.0,8644,3465,33353,23294,40078,56647,12109,
702,2133,16791,23327,2015-08-27T00:00:00.000,11807,4467.0,8690,3469,33417,23327,40118,56744,12159,
703,2133,16751,23247,2015-08-28T00:00:00.000,11775,4467.0,8624,3453,33295,23247,39998,56542,12077,
704,2131,16766,23266,2015-08-29T00:00:00.000,11788,4463.0,8633,3455,33317,23266,40032,56583,12088,
705,2134,16793,23300,2015-08-30T00:00:00.000,11809,4469.0,8695,3458,33415,23300,40093,56715,12153,
706,2134,16766,23285,2015-08-31T00:00:00.000,11785,4470.0,8738,3472,33446,23285,40051,56731,12210,
707,2130,16755,23273,2015-09-01T00:00:00.000,11782,4464.0,8694,3449,33362,23273,40028,56635,12143,
708,2123,16809,23328,2015-09-02T00:00:00.000,11827,4451.0,8698,3434,33392,23328,40137,56720,12132,
709,2126,16822,23358,2015-09-03T00:00:00.000,11838,4458.0,8681,3444,33405,23358,40180,56763,12125,
710,2131,16827,23368,2015-09-04T00:00:00.000,11856,4468.0,8631,3436,33362,23368,40195,56730,12067,
711,2133,16829,23358,2015-09-05T00:00:00.000,11860,4473.0,8592,3454,33348,23358,40187,56706,12046,
712,2129,16835,23358,2015-09-06T00:00:00.000,11876,4467.0,8633,3432,33367,23358,40193,56725,12065,
713,2132,16892,23438,2015-09-07T00:00:00.000,11914,4473.0,8715,3445,33525,23438,40330,56963,12160,
714,2135,16889,23425,2015-09-08T00:00:00.000,11907,4477.0,8719,3460,33545,23425,40314,56970,12179,
715,2141,16858,23379,2015-09-09T00:00:00.000,11886,4487.0,8738,3487,33570,23379,40237,56949,12225,
716,2140,16896,23412,2015-09-10T00:00:00.000,11912,4490.0,8755,3494,33635,23412,40308,57047,12249,
717,2134,16959,23502,2015-09-11T00:00:00.000,11951,4476.0,8692,3473,33600,23502,40461,57102,12165,
718,2119,16897,23404,2015-09-12T00:00:00.000,11914,4444.0,8710,3473,33524,23404,40301,56928,12183,
719,2122,16954,23472,2015-09-13T00:00:00.000,11951,4450.0,8759,3505,33668,23472,40426,57140,12264,
720,2132,16969,23510,2015-09-14T00:00:00.000,11958,4472.0,8775,3498,33714,23510,40479,57224,12273,
721,2137,16946,23479,2015-09-15T00:00:00.000,11937,4481.0,8786,3514,33727,23479,40425,57206,12300,
722,2135,16960,23531,2015-09-16T00:00:00.000,11953,4477.0,8776,3520,33733,23531,40491,57264,12296,
723,2135,16946,23489,2015-09-17T00:00:00.000,11939,4477.0,8775,3522,33720,23489,40435,57209,12297,
724,2145,16942,23478,2015-09-18T00:00:00.000,11935,4497.0,8754,3491,33684,23478,40420,57162,12245,
725,2141,16911,23429,2015-09-19T00:00:00.000,11919,4490.0,8729,3500,33630,23429,40340,57059,12229,
726,2140,16867,23404,2015-09-20T00:00:00.000,11893,4488.0,8807,3504,33666,23404,40271,57070,12311,
727,2144,16857,23384,2015-09-21T00:00:00.000,11883,4491.0,8812,3515,33675,23384,40241,57059,12327,
728,2144,16857,23384,2015-09-21T00:00:00.000,11883,4491.0,8812,3515,33675,23384,40241,57059,12327,
729,2148,16893,23422,2015-09-22T00:00:00.000,11911,4498.0,8857,3539,33787,23422,40315,57209,12396,
730,2158,16885,23403,2015-09-23T00:00:00.000,11912,4520.0,8871,3527,33803,23403,40288,57206,12398,
731,2158,16926,23391,2015-09-24T00:00:00.000,11936,4521.0,8856,3529,33832,23391,40317,57223,12385,
732,2162,16965,23486,2015-09-25T00:00:00.000,11967,4528.0,8754,3508,33755,23486,40451,57241,12262,
733,2151,16934,23448,2015-09-26T00:00:00.000,11938,4506.0,8735,3498,33673,23448,40382,57121,12233,
734,2154,16958,23470,2015-09-27T00:00:00.000,11963,4513.0,8822,3509,33802,23470,40428,57272,12331,
735,2159,16973,23485,2015-09-28T00:00:00.000,11971,4524.0,8848,3534,33879,23485,40458,57364,12382,
736,2158,16948,23455,2015-09-29T00:00:00.000,11964,4522.0,8831,3529,33830,23455,40403,57285,12360,
737,2161,16966,23484,2015-09-30T00:00:00.000,11975,4527.0,8850,3539,33882,23484,40450,57366,12389,
738,2167,16955,23428,2015-10-01T00:00:00.000,11966,4538.0,8796,3520,33809,23428,40383,57237,12316,
739,2167,16951,23431,2015-10-02T00:00:00.000,11966,4539.0,8789,3508,33787,23431,40382,57218,12297,
740,2158,16890,23363,2015-10-03T00:00:00.000,11925,4521.0,8806,3525,33742,23363,40253,57105,12331,
741,2164,16912,23376,2015-10-04T00:00:00.000,11943,4530.0,8849,3535,33826,23376,40288,57202,12384,
742,2164,16936,23406,2015-10-05T00:00:00.000,11950,4529.0,8866,3539,33870,23406,40342,57276,12405,
743,2159,16905,23388,2015-10-06T00:00:00.000,11933,4518.0,8892,3536,33851,23388,40293,57239,12428,
744,2154,16929,23401,2015-10-07T00:00:00.000,11950,4509.0,8882,3538,33858,23401,40330,57259,12420,
745,2157,16900,23331,2015-10-08T00:00:00.000,11929,4516.0,8883,3552,33851,23331,40231,57182,12435,
746,2161,16981,23414,2015-10-09T00:00:00.000,11982,4525.0,8811,3524,33841,23414,40395,57255,12335,
747,2158,16935,23360,2015-10-10T00:00:00.000,11951,4519.0,8779,3531,33764,23360,40295,57124,12310,
748,2162,16916,23342,2015-10-11T00:00:00.000,11940,4528.0,8844,3540,33828,23342,40258,57170,12384,
749,2176,16949,23400,2015-10-12T00:00:00.000,11964,4556.0,8891,3568,33964,23400,40349,57364,12459,
750,2171,16990,23444,2015-10-13T00:00:00.000,11998,4546.0,8918,3562,34016,23444,40434,57460,12480,
751,2166,16964,23397,2015-10-14T00:00:00.000,11982,4536.0,8878,3578,33956,23397,40361,57353,12456,
752,2163,16942,23331,2015-10-15T00:00:00.000,11969,4529.0,8925,3573,33969,23331,40273,57300,12498,
753,2168,16951,23377,2015-10-16T00:00:00.000,11988,4541.0,8884,3561,33937,23377,40328,57314,12445,
754,2165,16948,23368,2015-10-17T00:00:00.000,11988,4535.0,8910,3559,33952,23368,40316,57320,12469,
755,2160,16951,23364,2015-10-18T00:00:00.000,11987,4524.0,8962,3585,34022,23364,40315,57386,12547,
756,2178,17001,23424,2015-10-19T00:00:00.000,12018,4562.0,8975,3584,34122,23424,40425,57546,12559,
757,2175,16956,23396,2015-10-20T00:00:00.000,11990,4555.0,8944,3572,34027,23396,40352,57423,12516,
758,2175,16951,23376,2015-10-21T00:00:00.000,11979,4555.0,8975,3553,34034,23376,40327,57410,12528,
759,2168,16952,23376,2015-10-22T00:00:00.000,11978,4538.0,9009,3573,34072,23376,40328,57448,12582,
760,2163,16966,23377,2015-10-23T00:00:00.000,11984,4527.0,8961,3566,34020,23377,40343,57397,12527,
761,2167,16979,23372,2015-10-24T00:00:00.000,11999,4534.0,8957,3586,34056,23372,40351,57428,12543,
762,2169,16924,23306,2015-10-25T00:00:00.000,11968,4538.0,9014,3587,34063,23306,40230,57369,12601,
763,2173,16945,23343,2015-10-26T00:00:00.000,11976,4546.0,9052,3574,34117,23343,40288,57460,12626,
764,2171,16921,23340,2015-10-27T00:00:00.000,11963,4538.0,9032,3579,34070,23340,40261,57410,12611,
765,2168,16962,23397,2015-10-28T00:00:00.000,11989,4532.0,9090,3594,34178,23397,40359,57575,12684,
766,2170,16987,23444,2015-10-29T00:00:00.000,12008,4541.0,9060,3586,34174,23444,40431,57618,12646,
767,2174,16980,23408,2015-10-30T00:00:00.000,12005,4548.0,8981,3539,34048,23408,40388,57456,12520,
768,2176,16999,23412,2015-10-31T00:00:00.000,12021,4552.0,8913,3538,34002,23412,40411,57414,12451,
769,2166,16963,23378,2015-11-01T00:00:00.000,11989,4532.0,8981,3553,34029,23378,40341,57407,12534,
770,2171,16965,23379,2015-11-03T00:00:00.000,11985,4544.0,8999,3564,34072,23379,40344,57451,12563,
771,2176,16949,23370,2015-11-04T00:00:00.000,11990,4560.0,9033,3572,34114,23370,40319,57484,12605,
772,2165,16957,23361,2015-11-05T00:00:00.000,12007,4537.0,9063,3560,34117,23361,40318,57478,12623,
773,2166,16987,23380,2015-11-06T00:00:00.000,12026,4541.0,8981,3530,34039,23380,40367,57419,12511,
774,2153,17000,23387,2015-11-07T00:00:00.000,12030,4510.0,8995,3555,34060,23387,40387,57447,12550,
775,2155,16997,23379,2015-11-08T00:00:00.000,12034,4514.0,9083,3570,34164,23379,40376,57543,12653,
776,2174,17055,23457,2015-11-09T00:00:00.000,12081,4552.0,9116,3576,34299,23457,40512,57756,12692,
777,2170,17032,23418,2015-11-10T00:00:00.000,12069,4544.0,9142,3586,34304,23418,40450,57722,12728,
778,2174,17050,23475,2015-11-11T00:00:00.000,12090,4550.0,9127,3603,34330,23475,40525,57805,12730,
779,2182,17045,23454,2015-11-12T00:00:00.000,12089,4566.0,9118,3591,34320,23454,40499,57774,12709,
780,2179,17064,23491,2015-11-13T00:00:00.000,12103,4560.0,9112,3574,34310,23491,40555,57801,12686,
781,2177,17038,23452,2015-11-14T00:00:00.000,12080,4558.0,9056,3572,34224,23452,40490,57676,12628,
782,2181,17031,23429,2015-11-15T00:00:00.000,12069,4566.0,9077,3597,34271,23429,40460,57700,12674,
783,2195,17059,23468,2015-11-16T00:00:00.000,12094,4595.0,9131,3603,34388,23468,40527,57856,12734,
784,2187,17083,23500,2015-11-17T00:00:00.000,12099,4578.0,9135,3607,34403,23500,40583,57903,12742,
785,2177,17090,23520,2015-11-18T00:00:00.000,12120,4557.0,9155,3608,34410,23520,40610,57930,12763,
786,2170,17081,23481,2015-11-19T00:00:00.000,12112,4544.0,9180,3619,34424,23481,40562,57905,12799,
787,2181,17112,23522,2015-11-20T00:00:00.000,12139,4565.0,9137,3590,34404,23522,40634,57926,12727,
788,2172,17066,23474,2015-11-21T00:00:00.000,12105,4549.0,9079,3574,34268,23474,40540,57742,12653,
789,2175,17096,23493,2015-11-22T00:00:00.000,12120,4554.0,9149,3603,34402,23493,40589,57895,12752,
790,2185,17137,23523,2015-11-23T00:00:00.000,12144,4576.0,9188,3613,34514,23523,40660,58037,12801,
791,2178,17119,23481,2015-11-24T00:00:00.000,12131,4563.0,9185,3606,34473,23481,40600,57954,12791,
792,2174,17159,23530,2015-11-25T00:00:00.000,12167,4555.0,9145,3573,34432,23530,40689,57962,12718,
793,2181,17184,23576,2015-11-26T00:00:00.000,12191,4570.0,9082,3544,34380,23576,40760,57956,12626,
794,2181,17188,23577,2015-11-27T00:00:00.000,12194,4571.0,9119,3538,34416,23577,40765,57993,12657,
795,2184,17125,23505,2015-11-28T00:00:00.000,12148,4576.0,9147,3554,34402,23505,40630,57907,12701,
796,2181,17089,23425,2015-11-29T00:00:00.000,12118,4569.0,9196,3576,34430,23425,40514,57855,12772,
797,2192,17093,23436,2015-11-30T00:00:00.000,12113,4595.0,9254,3589,34531,23436,40529,57967,12843,
798,2187,17026,23367,2015-12-01T00:00:00.000,12070,4587.0,9180,3573,34366,23367,40393,57733,12753,
799,2177,17043,23406,2015-12-02T00:00:00.000,12098,4568.0,9164,3572,34347,23406,40449,57753,12736,
800,2179,17059,23415,2015-12-03T00:00:00.000,12122,4571.0,9145,3579,34354,23415,40474,57769,12724,
801,2189,17060,23402,2015-12-04T00:00:00.000,12121,4594.0,9025,3556,34235,23402,40462,57637,12581,
802,2180,17038,23396,2015-12-05T00:00:00.000,12112,4574.0,9126,3582,34320,23396,40434,57716,12708,
803,2185,17054,23419,2015-12-06T00:00:00.000,12125,4583.0,9189,3591,34417,23419,40473,57836,12780,
804,2182,17082,23450,2015-12-07T00:00:00.000,12151,4577.0,9270,3588,34517,23450,40532,57967,12858,
805,2185,17085,23426,2015-12-08T00:00:00.000,12149,4583.0,9280,3604,34552,23426,40511,57978,12884,
806,2195,17092,23430,2015-12-09T00:00:00.000,12153,4603.0,9259,3600,34554,23430,40522,57984,12859,
807,2195,17120,23454,2015-12-10T00:00:00.000,12169,4605.0,9272,3619,34616,23454,40574,58070,12891,
808,2192,17090,23395,2015-12-11T00:00:00.000,12151,4598.0,9177,3592,34457,23395,40485,57852,12769,
809,2188,17085,23413,2015-12-12T00:00:00.000,12148,4592.0,9146,3594,34417,23413,40498,57830,12740,
810,2195,17106,23420,2015-12-13T00:00:00.000,12166,4608.0,9216,3621,34551,23420,40526,57971,12837,
811,2198,17108,23432,2015-12-14T00:00:00.000,12166,4614.0,9241,3603,34566,23432,40540,57998,12844,
812,2198,17082,23403,2015-12-15T00:00:00.000,12148,4612.0,9251,3617,34562,23403,40485,57965,12868,
813,2203,17106,23415,2015-12-16T00:00:00.000,12166,4624.0,9259,3622,34611,23415,40521,58026,12881,
814,2192,17124,23461,2015-12-17T00:00:00.000,12185,4602.0,9218,3631,34575,23461,40585,58036,12849,
815,2199,17063,23407,2015-12-18T00:00:00.000,12151,4621.0,9189,3601,34474,23407,40470,57881,12790,
816,2186,17074,23412,2015-12-19T00:00:00.000,12160,4592.0,9184,3592,34442,23412,40486,57854,12776,
817,2191,17074,23404,2015-12-20T00:00:00.000,12152,4604.0,9258,3613,34549,23404,40478,57953,12871,
818,2192,17082,23422,2015-12-21T00:00:00.000,12158,4605.0,9285,3615,34587,23422,40504,58009,12900,
819,2184,17087,23440,2015-12-22T00:00:00.000,12162,4589.0,9259,3610,34545,23440,40527,57985,12869,
820,2175,17071,23416,2015-12-23T00:00:00.000,12150,4570.0,9236,3609,34486,23416,40487,57902,12845,
821,2180,17086,23410,2015-12-24T00:00:00.000,12157,4580.0,9052,3561,34279,23410,40496,57689,12613,
822,2185,17087,23398,2015-12-25T00:00:00.000,12158,4591.0,9078,3557,34313,23398,40485,57711,12635,
823,2182,17063,23379,2015-12-26T00:00:00.000,12145,4584.0,9116,3557,34320,23379,40442,57699,12673,
824,2183,17029,23338,2015-12-27T00:00:00.000,12121,4586.0,9209,3568,34392,23338,40367,57730,12777,
825,2197,17049,23326,2015-12-28T00:00:00.000,12127,4616.0,9304,3601,34570,23326,40375,57896,12905,
826,2189,17031,23321,2015-12-29T00:00:00.000,12113,4599.0,9294,3593,34517,23321,40352,57838,12887,
827,2195,17080,23400,2015-12-30T00:00:00.000,12154,4610.0,9274,3550,34514,23400,40480,57914,12824,
828,2197,17061,23378,2015-12-31T00:00:00.000,12152,4614.0,8845,3440,33960,23378,40439,57338,12285,
829,2199,17057,23362,2016-01-01T00:00:00.000,12146,4618.0,9116,3476,34267,23362,40419,57629,12592,
830,2200,17053,23361,2016-01-02T00:00:00.000,12144,4622.0,9150,3492,34317,23361,40414,57678,12642,
831,2200,17036,23325,2016-01-03T00:00:00.000,12128,4623.0,9265,3539,34463,23325,40361,57788,12804,
832,2200,17020,23318,2016-01-04T00:00:00.000,12118,4623.0,9380,3588,34611,23318,40338,57929,12968,
833,2200,17049,23358,2016-01-05T00:00:00.000,12138,4626.0,9365,3610,34650,23358,40407,58008,12975,
834,2204,17090,23404,2016-01-06T00:00:00.000,12174,4635.0,9351,3606,34682,23404,40494,58086,12957,
835,2205,17111,23429,2016-01-07T00:00:00.000,12186,4638.0,9334,3625,34708,23429,40540,58137,12959,
836,2201,17115,23401,2016-01-08T00:00:00.000,12198,4626.0,9269,3602,34612,23401,40516,58013,12871,
837,2196,17084,23362,2016-01-09T00:00:00.000,12185,4617.0,9239,3618,34558,23362,40446,57920,12857,
838,2203,17116,23396,2016-01-10T00:00:00.000,12211,4633.0,9301,3631,34681,23396,40512,58077,12932,
839,2208,17130,23426,2016-01-11T00:00:00.000,12217,4642.0,9322,3638,34732,23426,40556,58158,12960,
840,2209,17161,23454,2016-01-12T00:00:00.000,12244,4642.0,9339,3646,34788,23454,40615,58242,12985,
841,2214,17155,23460,2016-01-13T00:00:00.000,12247,4652.0,9364,3659,34830,23460,40615,58290,13023,
842,2222,17190,23484,2016-01-14T00:00:00.000,12274,4668.0,9358,3655,34871,23484,40674,58355,13013,
843,2233,17134,23418,2016-01-15T00:00:00.000,12244,4688.0,9290,3625,34737,23418,40552,58155,12915,
844,2225,17126,23379,2016-01-16T00:00:00.000,12230,4672.0,9272,3615,34685,23379,40505,58064,12887,
845,2231,17168,23456,2016-01-17T00:00:00.000,12257,4684.0,9329,3623,34804,23456,40624,58260,12952,
846,2234,17197,23479,2016-01-18T00:00:00.000,12277,4692.0,9345,3657,34891,23479,40676,58370,13002,
847,2234,17225,23494,2016-01-19T00:00:00.000,12296,4692.0,9389,3639,34945,23494,40719,58439,13028,
848,2242,17164,23398,2016-01-20T00:00:00.000,12258,4708.0,9391,3644,34907,23398,40562,58305,13035,
849,2231,17031,23232,2016-01-21T00:00:00.000,12208,4658.0,9415,3647,34751,23232,40263,57983,13062,
850,2223,17175,23434,2016-01-22T00:00:00.000,12274,4670.0,9368,3636,34849,23434,40609,58283,13004,
851,2230,17194,23450,2016-01-23T00:00:00.000,12279,4686.0,9233,3606,34719,23450,40644,58169,12839,
852,2231,17253,23525,2016-01-24T00:00:00.000,12323,4689.0,9301,3627,34870,23525,40778,58395,12928,
853,2229,17216,23476,2016-01-25T00:00:00.000,12291,4685.0,9390,3628,34919,23476,40692,58395,13018,
854,2226,17165,23409,2016-01-26T00:00:00.000,12256,4677.0,9420,3630,34892,23409,40574,58301,13050,
855,2233,17137,23363,2016-01-27T00:00:00.000,12235,4693.0,9376,3634,34840,23363,40500,58203,13010,
856,2235,17118,23372,2016-01-28T00:00:00.000,12224,4697.0,9386,3636,34837,23372,40490,58209,13022,
857,2227,17137,23398,2016-01-29T00:00:00.000,12240,4679.0,9348,3629,34793,23398,40535,58191,12977,
858,2220,17123,23384,2016-01-30T00:00:00.000,12237,4663.0,9348,3615,34749,23384,40507,58133,12963,
859,2225,17126,23391,2016-01-31T00:00:00.000,12243,4674.0,9371,3622,34793,23391,40517,58184,12993,
860,2229,17147,23384,2016-02-01T00:00:00.000,12248,4683.0,9319,3595,34744,23384,40531,58128,12914,
861,2224,17143,23394,2016-02-02T00:00:00.000,12244,4674.0,9345,3587,34749,23394,40537,58143,12932,
862,2229,17191,23424,2016-02-03T00:00:00.000,12278,4683.0,9354,3579,34807,23424,40615,58231,12933,
863,2230,17196,23406,2016-02-04T00:00:00.000,12283,4687.0,9321,3581,34785,23406,40602,58191,12902,
864,2231,17160,23355,2016-02-05T00:00:00.000,12256,4690.0,9307,3569,34726,23355,40515,58081,12876,
865,2242,17139,23306,2016-02-06T00:00:00.000,12240,4711.0,9296,3562,34708,23306,40445,58014,12858,
866,2242,17165,23342,2016-02-07T00:00:00.000,12257,4711.0,9322,3578,34776,23342,40507,58118,12900,
867,2242,17144,23296,2016-02-08T00:00:00.000,12245,4711.0,9413,3619,34887,23296,40440,58183,13032,
868,2243,17147,23294,2016-02-09T00:00:00.000,12244,4714.0,9426,3627,34914,23294,40441,58208,13053,
869,2245,17154,23294,2016-02-10T00:00:00.000,12250,4715.0,9443,3619,34931,23294,40448,58225,13062,
870,2249,17130,23303,2016-02-11T00:00:00.000,12233,4723.0,9508,3612,34973,23303,40433,58276,13120,
871,2247,17079,23243,2016-02-12T00:00:00.000,12206,4719.0,9447,3603,34848,23243,40322,58091,13050,
872,2251,17082,23266,2016-02-13T00:00:00.000,12206,4727.0,9432,3597,34838,23266,40348,58104,13029,
873,2253,17119,23297,2016-02-14T00:00:00.000,12229,4731.0,9461,3609,34920,23297,40416,58217,13070,
874,2263,17145,23310,2016-02-15T00:00:00.000,12239,4751.0,9500,3630,35026,23310,40455,58336,13130,
875,2261,17147,23318,2016-02-16T00:00:00.000,12238,4747.0,9512,3627,35033,23318,40465,58351,13139,
876,2251,17135,23289,2016-02-17T00:00:00.000,12225,4728.0,9540,3626,35029,23289,40424,58318,13166,
877,2238,17134,23285,2016-02-18T00:00:00.000,12226,4699.0,9524,3635,34992,23285,40419,58277,13159,
878,2244,17138,23295,2016-02-19T00:00:00.000,12230,4711.0,9478,3605,34932,23295,40433,58227,13083,
879,2235,17093,23226,2016-02-20T00:00:00.000,12195,4692.0,9428,3604,34817,23226,40319,58043,13032,
880,2229,17105,23233,2016-02-21T00:00:00.000,12204,4682.0,9503,3620,34910,23233,40338,58143,13123,
881,2236,17155,23258,2016-02-22T00:00:00.000,12234,4696.0,9546,3633,35030,23258,40413,58288,13179,
882,2238,17108,23221,2016-02-23T00:00:00.000,12202,4700.0,9577,3639,35024,23221,40329,58245,13216,
883,2231,17133,23221,2016-02-24T00:00:00.000,12220,4685.0,9550,3642,35010,23221,40354,58231,13192,
884,2233,17138,23209,2016-02-25T00:00:00.000,12229,4691.0,9544,3665,35038,23209,40347,58247,13209,
885,2226,17124,23187,2016-02-26T00:00:00.000,12216,4677.0,9512,3653,34966,23187,40311,58153,13165,
886,2229,17102,23143,2016-02-27T00:00:00.000,12208,4681.0,9440,3650,34873,23143,40245,58016,13090,
887,2221,17131,23165,2016-02-28T00:00:00.000,12228,4665.0,9479,3651,34926,23165,40296,58091,13130,
888,2228,17107,23130,2016-02-29T00:00:00.000,12211,4678.0,9520,3681,34986,23130,40237,58116,13201,
889,2228,17098,23114,2016-03-01T00:00:00.000,12206,4679.0,9495,3653,34925,23114,40212,58039,13148,
890,2234,17113,23122,2016-03-02T00:00:00.000,12215,4691.0,9513,3662,34979,23122,40235,58101,13175,
891,2233,17097,23088,2016-03-03T00:00:00.000,12205,4690.0,9529,3662,34978,23088,40185,58066,13191,
892,2237,17088,23079,2016-03-04T00:00:00.000,12202,4699.0,9496,3633,34916,23079,40167,57995,13129,
893,2235,17030,22988,2016-03-05T00:00:00.000,12163,4695.0,9483,3634,34842,22988,40018,57830,13117,
894,2235,17041,22985,2016-03-06T00:00:00.000,12167,4697.0,9512,3657,34907,22985,40026,57892,13169,
895,2247,17085,23034,2016-03-07T00:00:00.000,12195,4723.0,9554,3638,35000,23034,40119,58034,13192,
896,2242,17071,23008,2016-03-08T00:00:00.000,12188,4713.0,9532,3650,34966,23008,40079,57974,13182,
897,2247,17068,22990,2016-03-09T00:00:00.000,12189,4724.0,9506,3653,34951,22990,40058,57941,13159,
898,2250,17087,22981,2016-03-10T00:00:00.000,12195,4731.0,9460,3656,34934,22981,40068,57915,13116,
899,2250,17018,22882,2016-03-11T00:00:00.000,12141,4730.0,9446,3638,34832,22882,39900,57714,13084,
900,2246,16987,22831,2016-03-12T00:00:00.000,12124,4722.0,9433,3619,34761,22831,39818,57592,13052,
901,2255,17008,22841,2016-03-13T00:00:00.000,12136,4740.0,9474,3642,34864,22841,39849,57705,13116,
902,2252,17044,22863,2016-03-14T00:00:00.000,12155,4733.0,9520,3661,34958,22863,39907,57821,13181,
903,2252,17026,22854,2016-03-15T00:00:00.000,12144,4732.0,9527,3672,34957,22854,39880,57811,13199,
904,2252,17058,22890,2016-03-16T00:00:00.000,12172,4735.0,9512,3655,34960,22890,39948,57850,13167,
905,2251,17085,22875,2016-03-17T00:00:00.000,12184,4734.0,9475,3652,34946,22875,39960,57821,13127,
906,2254,17053,22848,2016-03-18T00:00:00.000,12160,4740.0,9455,3649,34897,22848,39901,57745,13104,
907,2245,17058,22844,2016-03-19T00:00:00.000,12161,4722.0,9450,3638,34868,22844,39902,57712,13088,
908,2252,17071,22863,2016-03-20T00:00:00.000,12174,4736.0,9534,3668,35009,22863,39934,57872,13202,
909,2249,17096,22914,2016-03-21T00:00:00.000,12187,4730.0,9568,3669,35063,22914,40010,57977,13237,
910,2248,17014,22812,2016-03-22T00:00:00.000,12124,4729.0,9599,3651,34993,22812,39826,57805,13250,
911,2259,17042,22842,2016-03-23T00:00:00.000,12153,4751.0,9567,3665,35025,22842,39884,57867,13232,
912,2247,17079,22865,2016-03-24T00:00:00.000,12185,4728.0,9524,3650,34981,22865,39944,57846,13174,
913,2249,17043,22795,2016-03-25T00:00:00.000,12163,4731.0,9467,3637,34878,22795,39838,57673,13104,
914,2248,17050,22783,2016-03-26T00:00:00.000,12156,4728.0,9504,3642,34924,22783,39833,57707,13146,
915,2251,17059,22783,2016-03-27T00:00:00.000,12162,4732.0,9502,3661,34954,22783,39842,57737,13163,
916,2246,17059,22798,2016-03-28T00:00:00.000,12160,4723.0,9574,3676,35032,22798,39857,57830,13250,
917,2250,17043,22764,2016-03-29T00:00:00.000,12144,4729.0,9591,3679,35042,22764,39807,57806,13270,
918,2260,17051,22769,2016-03-30T00:00:00.000,12153,4752.0,9576,3675,35054,22769,39820,57823,13251,
919,2255,17070,22807,2016-03-31T00:00:00.000,12171,4742.0,9471,3671,34954,22807,39877,57761,13142,
920,2255,17028,22757,2016-04-01T00:00:00.000,12155,4743.0,9327,3638,34736,22757,39785,57493,12965,
921,2258,17027,22770,2016-04-02T00:00:00.000,12151,4745.0,9357,3628,34757,22770,39797,57527,12985,
922,2259,17089,22836,2016-04-03T00:00:00.000,12192,4749.0,9450,3643,34931,22836,39925,57767,13093,
923,2265,17081,22864,2016-04-04T00:00:00.000,12189,4763.0,9542,3668,35054,22864,39945,57918,13210,
924,2267,17057,22818,2016-04-05T00:00:00.000,12182,4766.0,9531,3678,35032,22818,39875,57850,13209,
925,2270,17098,22854,2016-04-06T00:00:00.000,12209,4772.0,9509,3667,35046,22854,39952,57900,13176,
926,2277,17132,22874,2016-04-07T00:00:00.000,12233,4789.0,9519,3663,35103,22874,40006,57977,13182,
927,2278,17093,22811,2016-04-08T00:00:00.000,12209,4790.0,9449,3662,34994,22811,39904,57805,13111,
928,2275,17055,22765,2016-04-09T00:00:00.000,12196,4784.0,9445,3657,34941,22765,39820,57706,13102,
929,2290,17055,22746,2016-04-10T00:00:00.000,12192,4817.0,9496,3671,35039,22746,39801,57785,13167,
930,2291,17146,22837,2016-04-11T00:00:00.000,12249,4819.0,9502,3690,35157,22837,39983,57994,13192,
931,2293,17139,22820,2016-04-12T00:00:00.000,12261,4824.0,9521,3692,35176,22820,39959,57996,13213,
932,2288,17141,22829,2016-04-13T00:00:00.000,12263,4814.0,9473,3695,35123,22829,39970,57952,13168,
933,2286,17120,22814,2016-04-14T00:00:00.000,12248,4809.0,9502,3692,35123,22814,39934,57937,13194,
934,2282,17107,22796,2016-04-15T00:00:00.000,12243,4797.0,9416,3687,35007,22796,39903,57803,13103,
935,2277,17121,22798,2016-04-16T00:00:00.000,12251,4787.0,9350,3688,34946,22798,39919,57744,13038,
936,2280,17113,22791,2016-04-17T00:00:00.000,12246,4792.0,9423,3697,35025,22791,39904,57816,13120,
937,2280,17143,22805,2016-04-18T00:00:00.000,12261,4793.0,9472,3708,35116,22805,39948,57921,13180,
938,2272,17136,22774,2016-04-19T00:00:00.000,12254,4779.0,9465,3713,35093,22774,39910,57867,13178,
939,2271,17154,22778,2016-04-20T00:00:00.000,12264,4778.0,9441,3709,35082,22778,39932,57860,13150,
940,2270,17154,22770,2016-04-21T00:00:00.000,12266,4774.0,9431,3716,35075,22770,39924,57845,13147,
941,2280,17135,22719,2016-04-22T00:00:00.000,12253,4793.0,9359,3705,34992,22719,39854,57711,13064,
942,2270,17112,22701,2016-04-23T00:00:00.000,12243,4773.0,9364,3703,34952,22701,39813,57653,13067,
943,2279,17109,22709,2016-04-24T00:00:00.000,12246,4792.0,9424,3719,35044,22709,39818,57753,13143,
944,2286,17137,22718,2016-04-25T00:00:00.000,12264,4807.0,9449,3729,35122,22718,39855,57840,13178,
945,2286,17231,22834,2016-04-28T00:00:00.000,12334,4808.0,9499,3746,35284,22834,40065,58118,13245,
946,2287,17193,22775,2016-04-29T00:00:00.000,12305,4810.0,9357,3680,35040,22775,39968,57815,13037,
947,2285,17188,22770,2016-04-30T00:00:00.000,12299,4808.0,9347,3680,35023,22770,39958,57793,13027,
948,2291,17218,22808,2016-05-01T00:00:00.000,12321,4820.0,9447,3722,35207,22808,40026,58015,13169,
949,2294,17225,22783,2016-05-02T00:00:00.000,12324,4827.0,9441,3728,35221,22783,40008,58004,13169,
950,2291,17258,22824,2016-05-03T00:00:00.000,12347,4820.0,9424,3733,35235,22824,40082,58059,13157,
951,2282,17292,22842,2016-05-04T00:00:00.000,12369,4797.0,9427,3744,35260,22842,40134,58102,13171,
952,2284,17280,22838,2016-05-05T00:00:00.000,12369,4802.0,9392,3745,35219,22838,40118,58057,13137,
953,2289,17259,22821,2016-05-06T00:00:00.000,12359,4812.0,9377,3724,35172,22821,40080,57993,13101,
954,2280,17239,22783,2016-05-07T00:00:00.000,12348,4793.0,9345,3710,35087,22783,40022,57870,13055,
955,2279,17271,22830,2016-05-08T00:00:00.000,12379,4791.0,9392,3719,35173,22830,40101,58003,13111,
956,2290,17233,22793,2016-05-09T00:00:00.000,12345,4814.0,9437,3726,35210,22793,40026,58003,13163,
957,2293,17193,22726,2016-05-10T00:00:00.000,12327,4817.0,9395,3724,35129,22726,39919,57855,13119,
958,2295,17195,22746,2016-05-11T00:00:00.000,12338,4822.0,9322,3726,35065,22746,39941,57811,13048,
959,2294,17193,22749,2016-05-12T00:00:00.000,12337,4820.0,9370,3716,35099,22749,39942,57848,13086,
960,2297,17204,22778,2016-05-13T00:00:00.000,12351,4825.0,9369,3704,35102,22778,39982,57880,13073,
961,2283,17186,22757,2016-05-14T00:00:00.000,12336,4797.0,9347,3696,35026,22757,39943,57783,13043,
962,2280,17200,22775,2016-05-15T00:00:00.000,12349,4790.0,9427,3702,35119,22775,39975,57894,13129,
963,2291,17264,22833,2016-05-16T00:00:00.000,12388,4812.0,9408,3743,35227,22833,40097,58060,13151,
964,2298,17246,22832,2016-05-17T00:00:00.000,12382,4823.0,9423,3726,35218,22832,40078,58050,13149,
965,2299,17266,22867,2016-05-18T00:00:00.000,12398,4825.0,9460,3743,35294,22867,40133,58161,13203,
966,2303,17216,22791,2016-05-19T00:00:00.000,12368,4834.0,9455,3742,35247,22791,40007,58038,13197,
967,2310,17216,22786,2016-05-20T00:00:00.000,12359,4848.0,9374,3691,35129,22786,40002,57915,13065,
968,2300,17167,22733,2016-05-21T00:00:00.000,12322,4827.0,9383,3699,35076,22733,39900,57809,13082,
969,2307,17189,22751,2016-05-22T00:00:00.000,12341,4842.0,9418,3708,35157,22751,39940,57908,13126,
970,2319,17186,22744,2016-05-23T00:00:00.000,12343,4868.0,9450,3720,35224,22744,39930,57968,13170,
971,2320,17131,22699,2016-05-24T00:00:00.000,12311,4870.0,9452,3710,35163,22699,39830,57862,13162,
972,2326,17131,22692,2016-05-25T00:00:00.000,12320,4881.0,9418,3708,35138,22692,39823,57830,13126,
973,2316,17114,22665,2016-05-26T00:00:00.000,12314,4861.0,9393,3711,35079,22665,39779,57744,13104,
974,2315,17073,22605,2016-05-27T00:00:00.000,12283,4860.0,9363,3700,34996,22605,39678,57601,13063,
975,2320,17049,22596,2016-05-28T00:00:00.000,12264,4870.0,9279,3682,34880,22596,39645,57476,12961,
976,2328,17096,22638,2016-05-29T00:00:00.000,12293,4887.0,9315,3700,34998,22638,39734,57636,13015,
977,2330,17072,22611,2016-05-30T00:00:00.000,12279,4890.0,9356,3715,35033,22611,39683,57644,13071,
978,2331,17106,22631,2016-06-01T00:00:00.000,12304,4894.0,9299,3711,35010,22631,39737,57641,13010,
979,2333,17129,22653,2016-06-02T00:00:00.000,12322,4897.0,9340,3719,35085,22653,39782,57738,13059,
980,2343,17114,22625,2016-06-03T00:00:00.000,12317,4918.0,9249,3713,34994,22625,39739,57619,12962,
981,2338,17111,22628,2016-06-04T00:00:00.000,12313,4907.0,9274,3700,34992,22628,39739,57620,12974,
982,2345,17174,22680,2016-06-05T00:00:00.000,12354,4921.0,9359,3719,35173,22680,39854,57853,13078,
983,2356,17152,22649,2016-06-06T00:00:00.000,12339,4944.0,9366,3728,35190,22649,39801,57839,13094,
984,2353,17125,22617,2016-06-07T00:00:00.000,12336,4941.0,9358,3733,35157,22617,39742,57774,13091,
985,2355,17145,22666,2016-06-08T00:00:00.000,12358,4942.0,9404,3756,35247,22666,39811,57913,13160,
986,2353,17186,22707,2016-06-09T00:00:00.000,12382,4937.0,9383,3744,35250,22707,39893,57957,13127,
987,2351,17215,22731,2016-06-10T00:00:00.000,12399,4931.0,9284,3530,34960,22731,39946,57691,12814,
988,2350,17176,22651,2016-06-11T00:00:00.000,12373,4929.0,9242,3694,35041,22651,39827,57692,12936,
989,2347,17199,22687,2016-06-12T00:00:00.000,12393,4923.0,9336,3726,35184,22687,39886,57871,13062,
990,2345,17198,22679,2016-06-13T00:00:00.000,12387,4917.0,9366,3752,35233,22679,39877,57912,13118,
991,2351,17204,22651,2016-06-14T00:00:00.000,12385,4926.0,9361,3766,35257,22651,39855,57908,13127,
992,2350,17231,22655,2016-06-15T00:00:00.000,12404,4928.0,9351,3758,35268,22655,39886,57923,13109,
993,2350,17248,22683,2016-06-16T00:00:00.000,12413,4926.0,9356,3749,35279,22683,39931,57962,13105,
994,2348,17231,22695,2016-06-17T00:00:00.000,12407,4924.0,9295,3748,35198,22695,39926,57893,13043,
995,2341,17223,22672,2016-06-18T00:00:00.000,12398,4910.0,9257,3717,35107,22672,39895,57779,12974,
996,2347,17219,22668,2016-06-19T00:00:00.000,12398,4922.0,9314,3750,35205,22668,39887,57873,13064,
997,2352,17202,22666,2016-06-20T00:00:00.000,12385,4931.0,9367,3758,35258,22666,39868,57924,13125,
998,2347,17173,22629,2016-06-21T00:00:00.000,12360,4923.0,9355,3759,35210,22629,39802,57839,13114,
999,2346,17166,22614,2016-06-22T00:00:00.000,12359,,9309,3779,35173,22614,39780,57787,13088,4919.0
